Model m=367, (J,K,L)=(3,5,9)
Active Triads (80%): 95363
Adaptive Core Size: 350
Unstable Dim: 1
Leading Eigenvector PR: 0.0942

Core Nodes (ijkl):
  1: [1, 0, 0, 1]
  2: [1, 0, 0, 3]
  3: [1, 0, 0, 5]
  4: [1, 0, 0, 7]
  5: [1, 0, 0, 9]
  6: [1, 0, 1, 0]
  8: [1, 0, 1, 4]
  9: [1, 0, 1, 6]
  10: [1, 0, 1, 8]
  11: [2, 0, 1, 1]
  12: [2, 0, 1, 3]
  13: [2, 0, 1, 5]
  14: [2, 0, 1, 7]
  15: [2, 0, 1, 9]
  16: [1, 0, -2, 1]
  17: [1, 0, -2, 3]
  18: [1, 0, -2, 5]
  19: [1, 0, -2, 7]
  20: [1, 0, -2, 9]
  21: [2, 0, -2, 2]
  22: [2, 0, -2, 4]
  23: [2, 0, -2, 6]
  25: [1, 0, 3, 0]
  26: [1, 0, 3, 2]
  27: [1, 0, 3, 4]
  28: [1, 0, 3, 6]
  29: [1, 0, 3, 8]
  31: [2, 0, 3, 3]
  32: [2, 0, 3, 5]
  33: [2, 0, 3, 7]
  34: [2, 0, 3, 9]
  35: [1, 0, -4, 1]
  36: [1, 0, -4, 3]
  37: [1, 0, -4, 5]
  38: [1, 0, -4, 7]
  39: [1, 0, -4, 9]
  40: [2, 0, -4, 2]
  41: [2, 0, -4, 4]
  42: [2, 0, -4, 6]
  43: [2, 0, -4, 8]
  44: [1, 0, 5, 0]
  45: [1, 0, 5, 2]
  46: [1, 0, 5, 4]
  47: [1, 0, 5, 6]
  48: [1, 0, 5, 8]
  49: [2, 0, 5, 1]
  50: [2, 0, 5, 3]
  51: [2, 0, 5, 5]
  52: [2, 0, 5, 7]
  54: [3, -1, 0, 1]
  55: [3, -1, 0, 3]
  56: [3, -1, 0, 5]
  57: [3, -1, 0, 7]
  58: [3, -1, 0, 9]
  59: [5, -1, -1, 0]
  60: [5, -1, -1, 2]
  61: [5, -1, -1, 4]
  62: [5, -1, -1, 6]
  63: [5, -1, -1, 8]
  64: [6, -1, -1, 2]
  65: [6, -1, -1, 4]
  66: [6, -1, -1, 6]
  67: [6, -1, -1, 8]
  68: [5, -1, 2, 1]
  69: [5, -1, 2, 3]
  70: [5, -1, 2, 5]
  71: [5, -1, 2, 7]
  72: [5, -1, 2, 9]
  73: [6, -1, 2, 1]
  74: [6, -1, 2, 3]
  75: [6, -1, 2, 5]
  76: [6, -1, 2, 7]
  78: [5, -1, -3, 0]
  79: [5, -1, -3, 2]
  80: [5, -1, -3, 4]
  81: [5, -1, -3, 6]
  82: [5, -1, -3, 8]
  83: [6, -1, -3, 2]
  84: [6, -1, -3, 4]
  85: [6, -1, -3, 6]
  86: [6, -1, -3, 8]
  87: [5, -1, 4, 1]
  88: [5, -1, 4, 3]
  89: [5, -1, 4, 5]
  90: [5, -1, 4, 7]
  91: [5, -1, 4, 9]
  92: [6, -1, 4, 1]
  93: [6, -1, 4, 3]
  94: [6, -1, 4, 5]
  95: [6, -1, 4, 7]
  96: [6, -1, 4, 9]
  97: [5, -1, -5, 0]
  98: [5, -1, -5, 2]
  99: [5, -1, -5, 4]
  100: [5, -1, -5, 6]
  101: [5, -1, -5, 8]
  103: [6, -1, -5, 4]
  104: [6, -1, -5, 6]
  105: [6, -1, -5, 8]
  106: [3, 1, 0, 0]
  107: [3, 1, 0, 2]
  108: [3, 1, 0, 4]
  109: [3, 1, 0, 6]
  110: [3, 1, 0, 8]
  111: [5, 1, -1, 1]
  112: [5, 1, -1, 3]
  113: [5, 1, -1, 5]
  114: [5, 1, -1, 7]
  115: [5, 1, -1, 9]
  116: [6, 1, -1, 1]
  117: [6, 1, -1, 3]
  118: [6, 1, -1, 5]
  119: [6, 1, -1, 7]
  120: [6, 1, -1, 9]
  121: [5, 1, 2, 0]
  122: [5, 1, 2, 2]
  123: [5, 1, 2, 4]
  124: [5, 1, 2, 6]
  125: [5, 1, 2, 8]
  126: [6, 1, 2, 2]
  127: [6, 1, 2, 4]
  128: [6, 1, 2, 6]
  129: [6, 1, 2, 8]
  131: [5, 1, -3, 3]
  133: [5, 1, -3, 7]
  134: [5, 1, -3, 9]
  135: [6, 1, -3, 1]
  136: [6, 1, -3, 3]
  137: [6, 1, -3, 5]
  138: [6, 1, -3, 7]
  139: [6, 1, -3, 9]
  140: [5, 1, 4, 0]
  141: [5, 1, 4, 2]
  142: [5, 1, 4, 4]
  143: [5, 1, 4, 6]
  144: [5, 1, 4, 8]
  145: [6, 1, 4, 2]
  146: [6, 1, 4, 4]
  147: [6, 1, 4, 6]
  148: [6, 1, 4, 8]
  149: [5, 1, -5, 1]
  150: [5, 1, -5, 3]
  151: [5, 1, -5, 5]
  152: [5, 1, -5, 7]
  153: [5, 1, -5, 9]
  154: [6, 1, -5, 1]
  155: [6, 1, -5, 3]
  156: [6, 1, -5, 5]
  157: [6, 1, -5, 7]
  160: [4, -2, 0, 4]
  161: [4, -2, 0, 6]
  162: [4, -2, 0, 8]
  163: [5, -2, 1, 1]
  164: [5, -2, 1, 3]
  165: [5, -2, 1, 5]
  166: [5, -2, 1, 7]
  167: [5, -2, 1, 9]
  168: [6, -2, 1, 1]
  169: [6, -2, 1, 3]
  170: [6, -2, 1, 5]
  171: [6, -2, 1, 7]
  172: [6, -2, 1, 9]
  173: [5, -2, -2, 0]
  174: [5, -2, -2, 2]
  175: [5, -2, -2, 4]
  176: [5, -2, -2, 6]
  178: [6, -2, -2, 2]
  179: [6, -2, -2, 4]
  180: [6, -2, -2, 6]
  181: [6, -2, -2, 8]
  182: [5, -2, 3, 1]
  183: [5, -2, 3, 3]
  184: [5, -2, 3, 5]
  185: [5, -2, 3, 7]
  186: [5, -2, 3, 9]
  187: [6, -2, 3, 1]
  188: [6, -2, 3, 3]
  189: [6, -2, 3, 5]
  190: [6, -2, 3, 7]
  191: [6, -2, 3, 9]
  192: [5, -2, -4, 0]
  193: [5, -2, -4, 2]
  194: [5, -2, -4, 4]
  195: [5, -2, -4, 6]
  196: [5, -2, -4, 8]
  197: [6, -2, -4, 2]
  198: [6, -2, -4, 4]
  199: [6, -2, -4, 6]
  200: [6, -2, -4, 8]
  201: [5, -2, 5, 1]
  202: [5, -2, 5, 3]
  203: [5, -2, 5, 5]
  204: [5, -2, 5, 7]
  205: [5, -2, 5, 9]
  206: [6, -2, 5, 1]
  207: [6, -2, 5, 3]
  208: [6, -2, 5, 5]
  209: [6, -2, 5, 7]
  210: [6, -2, 5, 9]
  211: [4, 2, 0, 1]
  212: [4, 2, 0, 3]
  213: [4, 2, 0, 5]
  214: [4, 2, 0, 7]
  215: [4, 2, 0, 9]
  216: [5, 2, 1, 0]
  217: [5, 2, 1, 2]
  218: [5, 2, 1, 4]
  219: [5, 2, 1, 6]
  220: [5, 2, 1, 8]
  221: [6, 2, 1, 2]
  222: [6, 2, 1, 4]
  223: [6, 2, 1, 6]
  224: [6, 2, 1, 8]
  225: [5, 2, -2, 1]
  226: [5, 2, -2, 3]
  227: [5, 2, -2, 5]
  228: [5, 2, -2, 7]
  229: [5, 2, -2, 9]
  230: [6, 2, -2, 1]
  231: [6, 2, -2, 3]
  232: [6, 2, -2, 5]
  233: [6, 2, -2, 7]
  234: [6, 2, -2, 9]
  235: [5, 2, 3, 0]
  236: [5, 2, 3, 2]
  237: [5, 2, 3, 4]
  238: [5, 2, 3, 6]
  239: [5, 2, 3, 8]
  240: [6, 2, 3, 2]
  241: [6, 2, 3, 4]
  242: [6, 2, 3, 6]
  243: [6, 2, 3, 8]
  244: [5, 2, -4, 1]
  245: [5, 2, -4, 3]
  246: [5, 2, -4, 5]
  247: [5, 2, -4, 7]
  248: [5, 2, -4, 9]
  249: [6, 2, -4, 1]
  250: [6, 2, -4, 3]
  251: [6, 2, -4, 5]
  252: [6, 2, -4, 7]
  253: [6, 2, -4, 9]
  254: [5, 2, 5, 0]
  255: [5, 2, 5, 2]
  256: [5, 2, 5, 4]
  257: [5, 2, 5, 6]
  258: [5, 2, 5, 8]
  259: [6, 2, 5, 2]
  260: [6, 2, 5, 4]
  261: [6, 2, 5, 6]
  262: [6, 2, 5, 8]
  264: [3, -3, 0, 3]
  266: [3, -3, 0, 7]
  267: [3, -3, 0, 9]
  269: [5, -3, -1, 2]
  270: [5, -3, -1, 4]
  271: [5, -3, -1, 6]
  272: [5, -3, -1, 8]
  273: [6, -3, -1, 2]
  274: [6, -3, -1, 4]
  275: [6, -3, -1, 6]
  276: [6, -3, -1, 8]
  277: [5, -3, 2, 1]
  278: [5, -3, 2, 3]
  279: [5, -3, 2, 5]
  280: [5, -3, 2, 7]
  281: [5, -3, 2, 9]
  282: [6, -3, 2, 1]
  283: [6, -3, 2, 3]
  284: [6, -3, 2, 5]
  285: [6, -3, 2, 7]
  286: [6, -3, 2, 9]
  287: [5, -3, -3, 0]
  288: [5, -3, -3, 2]
  289: [5, -3, -3, 4]
  290: [5, -3, -3, 6]
  291: [5, -3, -3, 8]
  292: [6, -3, -3, 2]
  293: [6, -3, -3, 4]
  294: [6, -3, -3, 6]
  295: [6, -3, -3, 8]
  296: [5, -3, 4, 1]
  297: [5, -3, 4, 3]
  298: [5, -3, 4, 5]
  299: [5, -3, 4, 7]
  300: [5, -3, 4, 9]
  301: [6, -3, 4, 1]
  302: [6, -3, 4, 3]
  303: [6, -3, 4, 5]
  304: [6, -3, 4, 7]
  305: [6, -3, 4, 9]
  306: [5, -3, -5, 0]
  307: [5, -3, -5, 2]
  308: [5, -3, -5, 4]
  309: [5, -3, -5, 6]
  310: [5, -3, -5, 8]
  311: [6, -3, -5, 2]
  312: [6, -3, -5, 4]
  313: [6, -3, -5, 6]
  314: [6, -3, -5, 8]
  315: [3, 3, 0, 0]
  316: [3, 3, 0, 2]
  318: [3, 3, 0, 6]
  319: [3, 3, 0, 8]
  320: [5, 3, -1, 1]
  321: [5, 3, -1, 3]
  322: [5, 3, -1, 5]
  323: [5, 3, -1, 7]
  324: [5, 3, -1, 9]
  326: [6, 3, -1, 3]
  327: [6, 3, -1, 5]
  328: [6, 3, -1, 7]
  329: [6, 3, -1, 9]
  330: [5, 3, 2, 0]
  331: [5, 3, 2, 2]
  332: [5, 3, 2, 4]
  333: [5, 3, 2, 6]
  334: [5, 3, 2, 8]
  335: [6, 3, 2, 2]
  336: [6, 3, 2, 4]
  337: [6, 3, 2, 6]
  338: [6, 3, 2, 8]
  339: [5, 3, -3, 1]
  340: [5, 3, -3, 3]
  341: [5, 3, -3, 5]
  343: [5, 3, -3, 9]
  344: [6, 3, -3, 1]
  345: [6, 3, -3, 3]
  346: [6, 3, -3, 5]
  347: [6, 3, -3, 7]
  348: [6, 3, -3, 9]
  349: [5, 3, 4, 0]
  350: [5, 3, 4, 2]
  351: [5, 3, 4, 4]
  352: [5, 3, 4, 6]
  353: [5, 3, 4, 8]
  354: [6, 3, 4, 2]
  355: [6, 3, 4, 4]
  356: [6, 3, 4, 6]
  357: [6, 3, 4, 8]
  358: [5, 3, -5, 1]
  359: [5, 3, -5, 3]
  360: [5, 3, -5, 5]
  361: [5, 3, -5, 7]
  362: [5, 3, -5, 9]
  363: [6, 3, -5, 1]
  364: [6, 3, -5, 3]
  365: [6, 3, -5, 5]
  366: [6, 3, -5, 7]
  367: [6, 3, -5, 9]

Leading Eigenvalues:
  1) 0.050898 + 0.000000i
  2) -0.046380 + -0.119301i
  3) -0.046380 + 0.119301i
  4) -0.050056 + 0.000000i
  5) -0.065849 + 0.000000i
  6) -0.123880 + -0.191177i
  7) -0.123880 + 0.191177i
  8) -0.142475 + -0.084664i
  9) -0.142475 + 0.084664i
  10) -0.163011 + -0.294191i
