Model m=169, (J,K,L)=(2,4,7)
Active Triads (80%): 18454
Adaptive Core Size: 154
Unstable Dim: 1
Leading Eigenvector PR: 0.1966

Core Nodes (ijkl):
  1: [1, 0, 0, 1]
  2: [1, 0, 0, 3]
  3: [1, 0, 0, 5]
  4: [1, 0, 0, 7]
  5: [1, 0, 1, 0]
  6: [1, 0, 1, 2]
  7: [1, 0, 1, 4]
  8: [1, 0, 1, 6]
  9: [2, 0, 1, 1]
  10: [2, 0, 1, 3]
  11: [2, 0, 1, 5]
  13: [1, 0, -2, 1]
  14: [1, 0, -2, 3]
  15: [1, 0, -2, 5]
  16: [1, 0, -2, 7]
  17: [2, 0, -2, 2]
  18: [2, 0, -2, 4]
  19: [2, 0, -2, 6]
  20: [1, 0, 3, 0]
  21: [1, 0, 3, 2]
  22: [1, 0, 3, 4]
  23: [1, 0, 3, 6]
  25: [2, 0, 3, 3]
  26: [2, 0, 3, 5]
  27: [2, 0, 3, 7]
  28: [1, 0, -4, 1]
  29: [1, 0, -4, 3]
  30: [1, 0, -4, 5]
  34: [2, 0, -4, 6]
  35: [3, -1, 0, 1]
  36: [3, -1, 0, 3]
  37: [3, -1, 0, 5]
  38: [3, -1, 0, 7]
  39: [5, -1, -1, 0]
  40: [5, -1, -1, 2]
  42: [5, -1, -1, 6]
  43: [6, -1, -1, 2]
  44: [6, -1, -1, 4]
  45: [6, -1, -1, 6]
  46: [5, -1, 2, 1]
  47: [5, -1, 2, 3]
  48: [5, -1, 2, 5]
  49: [5, -1, 2, 7]
  50: [6, -1, 2, 1]
  51: [6, -1, 2, 3]
  52: [6, -1, 2, 5]
  53: [6, -1, 2, 7]
  54: [5, -1, -3, 0]
  56: [5, -1, -3, 4]
  57: [5, -1, -3, 6]
  58: [6, -1, -3, 2]
  59: [6, -1, -3, 4]
  60: [6, -1, -3, 6]
  63: [5, -1, 4, 5]
  64: [5, -1, 4, 7]
  65: [6, -1, 4, 1]
  66: [6, -1, 4, 3]
  68: [6, -1, 4, 7]
  69: [3, 1, 0, 0]
  70: [3, 1, 0, 2]
  71: [3, 1, 0, 4]
  72: [3, 1, 0, 6]
  73: [5, 1, -1, 1]
  74: [5, 1, -1, 3]
  75: [5, 1, -1, 5]
  76: [5, 1, -1, 7]
  77: [6, 1, -1, 1]
  78: [6, 1, -1, 3]
  79: [6, 1, -1, 5]
  80: [6, 1, -1, 7]
  81: [5, 1, 2, 0]
  82: [5, 1, 2, 2]
  83: [5, 1, 2, 4]
  84: [5, 1, 2, 6]
  85: [6, 1, 2, 2]
  86: [6, 1, 2, 4]
  87: [6, 1, 2, 6]
  88: [5, 1, -3, 1]
  89: [5, 1, -3, 3]
  90: [5, 1, -3, 5]
  91: [5, 1, -3, 7]
  92: [6, 1, -3, 1]
  93: [6, 1, -3, 3]
  94: [6, 1, -3, 5]
  95: [6, 1, -3, 7]
  96: [5, 1, 4, 0]
  97: [5, 1, 4, 2]
  98: [5, 1, 4, 4]
  99: [5, 1, 4, 6]
  100: [6, 1, 4, 2]
  101: [6, 1, 4, 4]
  102: [6, 1, 4, 6]
  104: [4, -2, 0, 4]
  106: [5, -2, 1, 1]
  107: [5, -2, 1, 3]
  108: [5, -2, 1, 5]
  109: [5, -2, 1, 7]
  110: [6, -2, 1, 1]
  111: [6, -2, 1, 3]
  112: [6, -2, 1, 5]
  113: [6, -2, 1, 7]
  114: [5, -2, -2, 0]
  115: [5, -2, -2, 2]
  116: [5, -2, -2, 4]
  117: [5, -2, -2, 6]
  118: [6, -2, -2, 2]
  119: [6, -2, -2, 4]
  120: [6, -2, -2, 6]
  121: [5, -2, 3, 1]
  122: [5, -2, 3, 3]
  123: [5, -2, 3, 5]
  124: [5, -2, 3, 7]
  125: [6, -2, 3, 1]
  126: [6, -2, 3, 3]
  127: [6, -2, 3, 5]
  128: [6, -2, 3, 7]
  129: [5, -2, -4, 0]
  130: [5, -2, -4, 2]
  131: [5, -2, -4, 4]
  132: [5, -2, -4, 6]
  133: [6, -2, -4, 2]
  134: [6, -2, -4, 4]
  135: [6, -2, -4, 6]
  138: [4, 2, 0, 5]
  139: [4, 2, 0, 7]
  140: [5, 2, 1, 0]
  142: [5, 2, 1, 4]
  143: [5, 2, 1, 6]
  144: [6, 2, 1, 2]
  145: [6, 2, 1, 4]
  146: [6, 2, 1, 6]
  147: [5, 2, -2, 1]
  148: [5, 2, -2, 3]
  149: [5, 2, -2, 5]
  150: [5, 2, -2, 7]
  151: [6, 2, -2, 1]
  152: [6, 2, -2, 3]
  153: [6, 2, -2, 5]
  154: [6, 2, -2, 7]
  155: [5, 2, 3, 0]
  156: [5, 2, 3, 2]
  157: [5, 2, 3, 4]
  158: [5, 2, 3, 6]
  159: [6, 2, 3, 2]
  160: [6, 2, 3, 4]
  161: [6, 2, 3, 6]
  162: [5, 2, -4, 1]
  163: [5, 2, -4, 3]
  164: [5, 2, -4, 5]
  165: [5, 2, -4, 7]
  166: [6, 2, -4, 1]
  167: [6, 2, -4, 3]
  168: [6, 2, -4, 5]
  169: [6, 2, -4, 7]

Leading Eigenvalues:
  1) 0.051000 + 0.000000i
  2) -0.050165 + 0.000000i
  3) -0.053095 + 0.000000i
  4) -0.083081 + -0.117462i
  5) -0.083081 + 0.117462i
  6) -0.091609 + -0.197578i
  7) -0.091609 + 0.197578i
  8) -0.105271 + -0.097797i
  9) -0.105271 + 0.097797i
  10) -0.145768 + -0.317312i
