Re,shear
272.5928825200734,4.057616265065256
272.5928830019509,4.057606310930156
272.59288855186384,4.057495521051178
272.59289777297585,4.057431657726476
272.59311349909996,4.056905036911416
272.593417262787,4.056539138949612
272.5951699870473,4.055404026876083
272.6055366196549,4.052466069689284
272.8507606297501,4.03551757320636
273.2043137790099,4.024777122560995
274.61852697003417,4.002830906195457
276.03274034187405,3.9905249626864325
277.44695377272717,3.9819961093662997
278.8611672335584,3.975638099519998
280.2753807127092,3.9707306362350168
281.6895942042993,3.9668768083088173
283.1038077049344,3.963830157217147
284.51802121246976,3.961425004865948
285.93223472545867,3.9595434230485465
287.34644824287574,3.9580977395755155
288.7606617639653,3.957020492019815
290.1748752881526,3.956258289802617
291.5890888149891,3.9557678758381236
293.00330234411706,3.955513497122151
294.41751587524556,3.955465090680371
295.83172940813176,3.955596997166893
297.1327353690408,3.955858461026923
298.0468767138415,3.9561139511582626
298.67265802905257,3.956320124666488
299.10104063818187,3.9564750376429814
299.3942926981643,3.956587272234254
299.5950402748517,3.9566669196379767
299.7324633147662,3.9567227364626003
299.82653713727694,3.956761544188785
299.89093597525266,3.956788387849481
299.9350206124225,3.9568068930907248
299.96519903326777,3.9568196212689575
299.98585786462434,3.956828362595344
300.0,3.956834359700067
300.0,3.956834359700067
300.0141421353758,3.9568403674948436
300.0348009667329,3.9568491628653524
300.06497938757985,3.9568620519946647
300.109064024754,3.9568809673454646
300.17346286273994,3.9569087835282355
300.26753668527397,3.9569498088581785
300.4049597252404,3.9570105660707924
300.60570730204194,3.9571010613862656
300.89895936227254,3.9572368972523706
301.32734197193867,3.957442864308174
301.9531232883071,3.957759128565491
302.86726463560115,3.958251888459729
304.16827060172824,3.9590103010568516
305.5824841425816,3.959901556156728
306.99669768419113,3.9608523118289423
308.4109112264861,3.9618529964669875
309.8251247694042,3.962894799686733
311.2393383128892,3.9639695917965563
312.65355185688986,3.9650698584700246
314.0677654013597,3.9661886475753367
315.4819789462561,3.967319525760393
316.8961924915401,3.9684565428775684
318.3104060371758,3.969594202700204
319.72461958313033,3.9707274386650364
321.1388331293733,3.971851593594134
322.5530466758768,3.9729624025215573
323.96726022261487,3.9740559778876703
325.38147376956385,3.97512879647587
326.79568731670184,3.976177687558151
328.2099008640087,3.9771998217950384
329.6241144114661,3.9781927005041258
331.0383279590572,3.979154144972186
332.45254150676675,3.980082285542763
333.866755054581,3.9809755502631763
335.2809686024877,3.981832652925895
336.6951821504759,3.9826525803867403
338.1093956985361,3.9834345790888896
339.5236092466602,3.9841781407659704
340.93782279484134,3.9848829873398453
342.3520363430739,3.98554905506708
343.7662498913536,3.986176478025123
345.1804634396774,3.9867655710591814
346.59467698804343,3.9873168123386376
348.008890536451,3.9878308256925727
349.4231040849005,3.988308362908545
350.8373176333934,3.988750286188648
352.2515311819322,3.989157550957597
353.324731295085,3.9894441114930324
354.73894484371016,3.989792956497821
356.1531583923959,3.9901101315707512
357.5673719411447,3.990396794801514
358.9815854899629,3.990654133228605
360.3957990388575,3.990883341871047
361.8100125878358,3.9910856149177123
363.22422613690554,3.9912621364034506
364.63843968607483,3.99141407220721
366.0526532353519,3.9915425633467443
367.4668667847451,3.9916487205159994
368.88108033426266,3.9917336197878908
370.2952938839129,3.9917982993838814
371.7095074337038,3.991843757395814
373.12372098364295,3.9918709503336838
374.5379345337378,3.9918807923650963
375.9521480839952,3.991874155109833
377.3663616344214,3.9918518678536414
378.7805751850222,3.9918147180495636
380.19478873580255,3.991763451983098
381.60900228676667,3.9916987754872144
383.02321583791803,3.9916213546049755
384.43742938925914,3.99153181611006
385.8516429407916,3.991430747808657
387.26585649251587,3.9913186985601854
388.68007004443143,3.9911961779655405
390.09428359653657,3.9910636556853434
391.5084971488283,3.990921560359478
392.9227107013024,3.9907702781101317
394.336924253953,3.990610150617025
395.7511378067728,3.9904414727611206
397.1653513597529,3.9902644898364508
398.57956491288235,3.990079394333776
399.9937784661483,3.9898863223009724
401.4079920195356,3.9896853492855593
402.8222055730265,3.989476485863854
404.2364191266006,3.9892596727595597
405.6506326802342,3.989034775550916
407.06484623389997,3.9888015789637423
408.4790597875665,3.9885597807429005
409.89327334119747,3.988308985090902
411.30748689475115,3.988048695661213
412.7217004481793,3.9877783080888896
414.13591400142616,3.9874971020455
415.55012755442687,3.9872042328063424
416.9643411071061,3.986898722329811
418.3785546593758,3.986579449868117
419.7626591349908,3.9862524258000707
421.1768726860982,3.9859020138695036
422.59108623645915,3.985533558094757
424.00529978587264,3.985145270984827
425.41951333413283,3.984735173070805
426.8337268809911,3.984301085438479
428.24794042614474,3.983840625270089
429.6621539692224,3.9833512067938406
431.0763675097641,3.982830051311178
432.4905810471945,3.9822742121867094
433.9047945807862,3.9816806243096807
435.3190081096082,3.981046193555032
436.7332216324534,3.9803679519553308
438.14743514773346,3.979643321832838
439.56164865332454,3.9788705630290813
440.9758621463358,3.978049532978867
442.3900756227552,3.9771829918943236
443.8042890768959,3.976278878666589
445.2185025005169,3.9753543547145247
446.6327158814128,3.97444313328975
448.0469292011754,3.973608982039994
449.4611424318522,3.972970663679223
450.8753555319614,3.972746413969804
452.289568445756,3.9733230695427983
453.7037811191305,3.9753212792622703
455.1179935515819,3.9795349090516816
456.5322058517315,3.9866217377477806
457.94641818246737,3.996823189691949
458.6229933253753,4.002806106077633
459.894469518519,4.01604475735418
461.308682102419,4.034319184621971
462.7228946838748,4.058131599652761
464.1371069700149,4.094656547965149
464.4906597975451,4.109892969371782
464.73588362601294,4.126866239927956
464.8209266546616,4.139099989963137
464.8353067801104,4.14468714050765
464.83652219675355,4.1460161348492885
464.8367326540608,4.146438577929482
464.83688176103703,4.14699783446906
464.8368946417449,4.147132997907105
464.83689875573776,4.147211069851293
464.8369002192622,4.14723884340402
464.836900137897,4.147278668299942
464.83689884642155,4.14733544003439
464.8368966540116,4.147391193344936
464.8368929463873,4.14744795304067
464.83688731559204,4.14750768419282
464.8368789349155,4.147575045729516
464.8368665507219,4.147653213733166
464.8368483301868,4.147745043491146
464.8368215939706,4.147853857514086
464.83678242481284,4.147983595371981
464.836725098093,4.148138933932136
464.8366412498761,4.1483254667570115
464.8365186612,4.1485499154435175
464.83633948198025,4.148820377833507
464.8360776342658,4.149145360519162
464.8357048797151,4.149529685391191
464.8351742830591,4.149984486042593
464.83441904849985,4.1505241478903745
464.8333441110353,4.151165732112833
464.8318141736895,4.151929543429867
464.82963668150506,4.1528398039574554
464.8265375900768,4.153925459745796
464.82212687929723,4.15522115319675
464.815849472498,4.156768400315275
464.80691538455784,4.15861702206575
464.79420030868255,4.160826891667825
464.77610413150376,4.163470076395165
464.7503495717657,4.166633474791345
464.71369560290253,4.17042207942689
464.6615295960496,4.174963033850225
464.58728685797644,4.180410702726933
464.48162451747186,4.186953038516731
464.33124580044364,4.194819606854889
464.1172267382347,4.204291719730033
463.8126347388877,4.215715196019904
463.45753561549526,4.22717752626226
462.8405849078888,4.244237643780735
461.96254058473664,4.2647891318840045
460.712907841002,4.289631509116337
460.5871596915418,4.291929838836202
459.1729462449044,4.315938858855009
457.75873277171604,4.337340623812483
456.34451928358556,4.356829214975377
454.9303057848833,4.374811465367349
453.5160922782783,4.391548474809753
452.10187876550475,4.4072188895349305
450.68766524775134,4.4219511087671854
449.2734517258708,4.435841245624453
447.85923820049914,4.448963839803482
446.44502467212675,4.461378576753933
445.03081114114286,4.473134663938218
443.6165976078642,4.484273761829835
442.2023840725539,4.494831987105023
440.78817053543463,4.504841301418712
439.3739569966974,4.514330483695494
437.9597434565082,4.523325815384153
436.5455299150126,4.531851565768131
435.13131637233937,4.539930337206206
433.71710282860295,4.547583312107122
432.30288928390576,4.554830431113425
430.8886757383396,4.561690523374894
429.47446219198724,4.568181403712924
428.0602486449233,4.574319947119711
426.6460350972155,4.580122147922992
425.231821548925,4.585603168695352
423.8176080001075,4.590777382378215
422.40339445081366,4.595658409952923
420.9891809010897,4.600259155175241
419.5749673509777,4.6045918373362245
418.1607538005163,4.608668022622949
416.87058044695107,4.612172226763201
415.4563668959248,4.615787885522841
414.04215334463686,4.619177288785184
412.6279397931223,4.6223497305395
411.2137262414068,4.625313991266641
409.7995126895139,4.628078364134242
408.38529913746567,4.630650679705772
406.9710855852826,4.6330383295584205
405.5568720329837,4.63524828876957
404.1426584805868,4.637287137244438
402.7284449281088,4.639161079864783
401.3142313755653,4.640875965454053
399.9000178229714,4.642437304559777
398.485804270341,4.6438502860655095
397.0715907176877,4.645119792648603
395.65737716502423,4.646250415105758
394.2431636123629,4.647246465573678
392.82895005971545,4.6481119896719445
391.4147365070933,4.648850777600324
390.0005229545076,4.6494663742196245
388.5863094019689,4.649962088148607
387.17209584948773,4.650340999906941
385.7578822970744,4.650605969134579
384.3436687447389,4.650759640915432
382.9294551924913,4.650804451232776
381.51524164034134,4.6507426315823475
380.1010280882989,4.650576212766318
378.68681453637373,4.650307027891213
377.2726009845756,4.649936714589795
375.85838743291436,4.649466716487346
374.4441738813998,4.648898283929485
373.02996033004194,4.648232473988473
371.6157467788508,4.647470149765663
370.20153322783653,4.646611979003831
368.7873196770095,4.645658432026295
367.3731061263803,4.644609779017978
365.9588925759597,4.643466086664754
364.5446790257585,4.642227214168074
363.13046547578807,4.640892808654297
361.7162519260598,4.6394622999988915
360.3020383765855,4.637934895088989
358.88782482737713,4.636309571551985
357.47361127844715,4.634585070979248
356.0593977298083,4.6327598916816655
354.64518418147367,4.63083228101659
353.2309706334566,4.6288002273344215
351.8167570857709,4.626661451597048
350.4025435384309,4.624413398731702
348.9883299914511,4.62205322878969
347.5741164448466,4.6195778079911625
346.1599028986327,4.616983699746081
344.74568935282537,4.614267155753884
343.33147580744077,4.611424107296038
341.9172622624956,4.608450156848457
340.503048718007,4.605340570153235
339.0888351739924,4.602090268903129
337.67462163046963,4.598693824204665
336.26040808745694,4.595145450999011
334.8461945449729,4.591439003629802
333.43198100303636,4.587567972758122
332.0177674616665,4.583525483830545
330.6035539208827,4.5793042973106415
329.18934038070455,4.574896810881143
327.77512684115175,4.570295063817587
326.36091330224417,4.565490743717798
324.9466997640016,4.560475195743391
323.5324862264439,4.555239434493917
322.11827268959075,4.549774158576593
320.70405915346174,4.5440697678642605
319.28984561807624,4.538116383336931
317.8756320834533,4.53190386928329
316.4614185496118,4.525421857484565
315.04720501657016,4.518659772816134
313.63299148434663,4.5116068594723195
312.2187779529592,4.504252206741238
310.80456442242576,4.496584772920213
309.3903508927641,4.488593405560914
307.9761373639925,4.480266855746569
306.5619238361299,4.4715937835207695
305.1477103091963,4.462562750873944
303.7334967832138,4.453162197815274
302.31928325820707,4.4433803959482265
300.9050697342049,4.433205372545023
299.4908562112417,4.422624796228321
298.0766426893593,4.411625812806794
296.6624291686099,4.400194816231185
295.2482156490593,4.388317134490258
293.83400213079176,4.3759766026770155
292.4197886139158,4.363154983957097
291.00557509857276,4.349831181297333
289.59136158494863,4.335980154224111
288.1771480732903,4.321571407737222
286.76293456393046,4.306566839973334
285.34872105732427,4.29091759191617
283.9345075541085,4.274559274798149
282.52029405519926,4.257404420800993
281.1060805619646,4.239329874853578
279.691867076553,4.220154218448668
278.2776536025838,4.199593433358404
276.8634401468095,4.177161822926289
275.4492267240388,4.151902326685505
274.03501337814083,4.121337955409288
272.6208005182427,4.065502797560519
272.598703586576,4.061172955857826
272.5949672141933,4.059732541206656
272.5936716166293,4.058911508675731
272.5932107922352,4.058446200760283
272.59288348316073,4.057634716783998
272.59288307455006,4.057606311333145
272.5928841631446,4.057557507290939
272.5928852535398,4.05754602677776
272.5928865219256,4.057532672243591
272.5928884245043,4.0575126404424875
272.5928912783723,4.0574825927406355
272.59289566007476,4.057445409073954
272.59290220174034,4.057406139834271
272.5929118084915,4.057360237409873
272.59292589891743,4.057305083317682
272.5929465416485,4.057238905890165
272.59297675459106,4.0571594281880845
272.59302094651514,4.05706382086507
272.59308555819945,4.056948679170724
272.5931799985619,4.056809909224895
272.5933180122942,4.056642582748493
272.5935196777477,4.056440767673133
272.5938143265936,4.056198259029925
272.59423372179583,4.055911711444721
272.5948306559044,4.055573102472906
272.5956802619501,4.055172136751917
272.59688946990127,4.0546967239807525
272.59861046273915,4.054132649968904
272.6010598274549,4.053463208563253
272.604545810774,4.052668791575495
272.60950710952073,4.051726437264381
272.6165680770756,4.050609342982479
272.62661729321417,4.04928635509341
272.64091938470625,4.047721460619318
272.661274168397,4.045873321931629
272.6902431436423,4.043694920803431
272.7314718363455,4.041133414636709
272.7901485589917,4.038130360479222
272.87365731793017,4.034622538082038
272.9925070310213,4.0305437104868655
273.16165399019303,4.025827811309739
273.40238399015453,4.020414257505991
273.7449909739864,4.014256375253055
274.23258928155155,4.007334320582785
274.9265392414449,3.9996744067507732
275.914168873473,3.9913774454710595
277.3197634156489,3.9826595670939184
278.73397687571634,3.976142927015542
280.14819035403025,3.9711243424285154
281.5624038449092,3.9671874201570123
282.97661734496296,3.964075855373485
284.390830852022,3.961618390198585
285.80504436461615,3.959693671047109
287.2192578817017,3.958211793453099
288.63347140250943,3.957103771142734
290.0476849264545,3.956315133901886
291.4618984530808,3.955801836016797
292.87611198202467,3.9555275334692643
294.290325512991,3.955461710541514
295.7045390457361,3.9555783543651595
297.1187525800562,3.955854994742637
298.5329661157786,3.956271994435011
299.94717965275555,3.9568120154547683
301.3613931908592,3.9574596117272987
302.7756067299781,3.9582009142207983
304.18982027001437,3.9590233848893837
305.60403381088133,3.9599156225994365
307.0182473525018,3.960867208852035
308.43246089480675,3.961868584333497
309.8466744377339,3.9629109495932724
311.2608879812271,3.9639861847723816
312.6751015252352,3.9650867844825064
314.08931506971186,3.9662058048006283
315.5035286146144,3.9673368199867753
316.91774215990404,3.9684738870156298
318.3319557055449,3.969611516378382
319.74616925150406,3.9707446478931767
321.1603827977512,3.9718686304806208
322.5745963442584,3.9729792050314465
323.98880989099985,3.9740724896322934
325.40302343795184,3.9751449665241605
326.8172369850925,3.9761934702630235
328.2314505324018,3.9772151766279418
329.6456640798614,3.978207591892591
331.0598776274544,3.9791685421359655
332.47409117516565,3.9800961623244513
333.88830472298145,3.9809888849509742
335.30251827088944,3.9818454280660336
336.7167318188788,3.9826647825842154
338.1309453669401,3.983446198795724
339.54515891506514,3.984189172057164
340.95937246324706,3.9848934276770276
342.37358601148037,3.9855589050517852
343.78779955976074,3.986185741142606
345.2020131080852,3.986774253414973
346.6162266564519,3.9873249223907545
348.0304402048601,3.987838373981436
349.44465375331026,3.9883153617880884
350.85886730180385,3.9887567495612113
352.2730808503433,3.989163494015577
353.3247314065033,3.9894441115804087
354.7389449551285,3.989792956505919
356.1531585038142,3.9901101315945016
357.56737205256303,3.9903967948229337
358.98158560138125,3.9906541332477463
360.3957991502758,3.990883341888009
361.8100126992541,3.9910856149325933
363.2242262483239,3.991262136416375
364.63843979749316,3.9914140722182383
366.0526533467702,3.9915425633559507
367.4668668961634,3.9916487205235107
368.881080445681,3.9917336197937736
370.29529399533124,3.9917982993882046
371.7095075451221,3.991843757398709
373.1237210950613,3.9918709503351524
374.53793464515616,3.991880792365198
375.95214819541354,3.991874155108688
377.36636174583975,3.991851867851308
378.78057529644053,3.991814718046098
380.1947888472209,3.99176345197852
381.609002398185,3.991698775481605
383.02321594933636,3.9916213545984083
384.43742950067747,3.9915318161025306
385.8516430522099,3.991430747800254
387.2658566039342,3.9913186985509377
388.68007015584976,3.9911961779555094
390.0942837079549,3.9910636556745214
391.50849726024666,3.990921560347922
392.9227108127207,3.9907702780978456
394.3369243653713,3.9906101506040472
395.75113791819115,3.990441472747485
397.1653514711712,3.9902644898221884
398.5795650243007,3.99007939431888
399.9937785775666,3.989886322285429
401.4079921309539,3.9896853492693927
402.82220568444484,3.989476485847124
404.2364192380189,3.9892596727421736
405.6506327916525,3.9890347755328266
407.0648463453183,3.9888015789450617
408.4790598989848,3.9885597807234685
409.8932734526158,3.9883089850708076
411.3074870061695,3.9880486956403014
412.72170055959765,3.9877783080671727
414.1359141128445,3.987497102022914
415.5501276658452,3.987204232782795
416.96434121852445,3.9868987223052175
418.37855477079415,3.9865794498423592
419.7626591621155,3.9862524257935013
421.17687271322285,3.9859020138626344
422.5910862635838,3.9855335580875026
424.0052998129973,3.9851452709771857
425.4195133612575,3.984735173062726
426.83372690811575,3.984301085429932
428.2479404532694,3.98384062526102
429.66215399634706,3.9833512067841332
431.07636753688877,3.982830051300818
432.49058107431915,3.9822742121757257
433.90479460791084,3.9816806242978977
435.31900813673286,3.98104619354248
436.7332216595781,3.9803679519419086
438.1474351748581,3.9796433218184726
439.5616486804492,3.9788705630137757
440.9758621734605,3.97804953296268
442.39007564987986,3.9771829918773314
443.80428910402054,3.9762788786489818
445.21850252764153,3.9753543546967745
446.6327159085375,3.974443133272716
448.04692922830003,3.9736089820254152
449.46114245897684,3.9729706636700883
450.8753555590861,3.9727464139716253
452.2895684728806,3.973323069565078
453.7037811462551,3.9753212793191977
455.1179935787065,3.9795349091584775
456.5322058788561,3.9866217379134703
457.94641820959197,3.996823189917408
458.6229933103531,4.002806105936905
459.8944695034967,4.016044757181412
461.30868208739673,4.034319184403767
462.7228946688525,4.058131599355706
464.1371069549926,4.09465654741911
464.4906597825228,4.109892968579307
464.73588361099064,4.126866238427201
464.82092663963954,4.139099986139569
464.83530676508985,4.144687128338441
464.8365221817393,4.14601610977742
464.83673263906445,4.146438540274318
464.83688174621136,4.1469977289696
464.8368946273802,4.14713279340925
464.83689874326967,4.147210727915558
464.8369002077284,4.147238457491002
464.8369001323142,4.147278668313623
464.8368989522732,4.147331453005378
464.836896802582,4.147388283478682
464.83689310081854,4.147446103774147
464.8368874709841,4.147506320186389
464.836879091596,4.147573949510096
464.83686670857156,4.1476523298149885
464.83684848879585,4.1477443295222685
464.8368217530606,4.1478532766695215
464.83678258421753,4.147983119963371
464.83672525770885,4.148138543665501
464.83664140963293,4.148325145436321
464.83651882105204,4.148549650394111
464.8363396418974,4.148820159196795
464.83607779422437,4.149145178652072
464.83570503970395,4.149529534430785
464.83517444306835,4.149984360383769
464.8344192085231,4.150524043005527
464.83334427106826,4.151165644429251
464.83181433372926,4.151929470036677
464.8296368415495,4.1528397424784504
464.82653775012443,4.15392540820452
464.82212703934715,4.155221109972539
464.8158496325495,4.156768364033831
464.8069155446105,4.158616991598436
464.79420046873594,4.160826866077144
464.77610429155766,4.163470054877641
464.75034973182,4.166633456687407
464.7136957629571,4.170422064187067
464.66152975610436,4.1749630210109645
464.58728701803136,4.1804106919015025
464.48162467752684,4.186953029376722
464.3312459604987,4.194819599126506
464.1172268982898,4.204291713187267
463.8126348989428,4.215715190469776
463.4575356100713,4.227177526431152
462.8405849024648,4.244237643919163
461.96254057931264,4.264789132001736
460.712907835578,4.289631509215858
460.5871597282646,4.2919298381690645
459.1729462816272,4.315938858269089
457.7587328084389,4.3373406232836516
456.3445193203084,4.356829214489835
454.9303058216061,4.374811464917687
453.5160923150011,4.3915484743896345
452.1018788022276,4.407218889140857
450.6876652844742,4.421951108395862
449.27345176259365,4.435841245274037
447.859238237222,4.448963839472349
446.4450247088496,4.461378576440238
445.0308111778657,4.473134663640952
443.61659764458705,4.4842737615483035
442.20238410927675,4.494831986838068
440.78817057215747,4.504841301165619
439.37395703342025,4.514330483455723
437.95974349323103,4.523325815156742
436.54552995173543,4.5318515655526195
435.1313164090622,4.539930337002119
433.7171028653258,4.547583311913839
432.3028893206286,4.55483043093011
430.88867577506244,4.56169052320156
429.4744622287101,4.568181403548968
428.06024868164616,4.574319946964704
426.6460351339383,4.580122147776676
425.2318215856478,4.585603168556981
423.81760803683034,4.5907773822477616
422.4033944875365,4.595658409829872
420.98918093781253,4.600259155059215
419.57496738770055,4.604591837227052
418.16075383723916,4.608668022520289
416.870580441527,4.612172226777461
415.45636689050076,4.615787885536218
414.0421533392128,4.619177288797719
412.62793978769827,4.622349730551322
411.21372623598273,4.62531399127759
409.79951268408985,4.628078364144449
408.3852991320416,4.630650679715319
406.97108557985854,4.633038329567208
405.5568720275596,4.635248288777753
404.14265847516276,4.6372871372519455
402.72844492268473,4.639161079871741
401.3142313701413,4.6408759654603235
399.90001781754734,4.642437304565405
398.48580426491696,4.643850286070597
397.0715907122636,4.6451197926532
395.6573771596002,4.646250415109874
394.2431636069388,4.647246465577242
392.8289500542914,4.64811198967506
391.41473650166927,4.648850777602935
390.0005229490835,4.6494663742218165
388.58630939654483,4.649962088150277
387.1720958440637,4.650340999908168
385.75788229165033,4.650605969135411
384.34366873931486,4.65075964091578
382.9294551870672,4.650804451232754
381.5152416349173,4.650742631581924
380.10102808287485,4.650576212765532
378.6868145309497,4.650307027889955
377.27260097915155,4.649936714588174
375.8583874274903,4.649466716485403
374.44417387597576,4.648898283927072
373.0299603246179,4.648232473985743
371.61574677342674,4.647470149762583
370.2015332224125,4.646611979000353
368.78731967158546,4.6456584320224685
367.37310612095627,4.644609779013772
365.9588925705356,4.643466086660167
364.54467902033446,4.642227214163142
363.130465470364,4.640892808648989
361.7162519206357,4.639462299993209
360.3020383711614,4.637934895082956
358.8878248219531,4.636309571545601
357.4736112730231,4.634585070972466
356.05939772438427,4.632759891674475
354.6451841760496,4.630832281009011
353.23097062803254,4.628800227326424
351.81675708034686,4.626661451588623
350.40254353300685,4.624413398722817
348.98832998602705,4.622053228780407
347.57411643942254,4.619577807981496
346.15990289320865,4.616983699735892
344.7456893474013,4.6142671557432084
343.3314758020167,4.611424107284844
341.91726225707157,4.608450156836803
340.50304871258294,4.605340570141074
339.0888351685683,4.602090268890376
337.6746216250456,4.598693824191347
336.2604080820329,4.595145450985099
334.84619453954883,4.591439003615255
333.4319809976123,4.587567972742927
332.01776745624244,4.583525483814722
330.60355391545863,4.579304297294094
329.1893403752805,4.57489681086383
327.7751268357277,4.570295063799577
326.3609132968201,4.5654907436989705
324.94669975857755,4.560475195723733
323.53248622101984,4.5552394344733695
322.1182726841667,4.549774158555185
320.7040591480377,4.544069767841932
319.2898456126522,4.538116383313611
317.87563207802924,4.53190386925894
316.4614185441877,4.525421857459161
315.0472050111461,4.518659772789643
313.6329914789226,4.511606859444699
312.21877794753516,4.504252206712421
310.8045644170017,4.496584772890176
309.39035088734005,4.488593405529636
307.97613735856845,4.480266855713969
306.56192383070584,4.471593783486798
305.14771030377227,4.462562750838593
303.73349677778975,4.453162197778516
302.319283252783,4.443380395909952
300.90506972878086,4.433205372505261
299.49085620581764,4.422624796186956
298.07664268393523,4.411625812763797
296.66242916318583,4.400194816186466
295.24821564363526,4.388317134443815
293.8340021253677,4.375976602628768
292.41978860849173,4.363154983906984
291.0055750931487,4.349831181245248
289.5913615795246,4.3359801541699206
288.17714806786626,4.321571407680848
286.7629345585064,4.306566839914559
285.3487210519002,4.290917591854835
283.93450754868445,4.274559274733944
282.5202940497752,4.257404420733552
281.1060805565405,4.239329874782278
279.69186707112897,4.2201542183726914
278.27765359715977,4.199593433276354
276.86344014138547,4.177161822835732
275.44922671861474,4.151902326580956
274.0350133727168,4.121337955274251
272.6208005128186,4.065502796777931
272.598703581152,4.06117295418014
272.59496720876956,4.059732538424396
272.5936716112065,4.058911504181353
272.59321078681455,4.058446193796677
272.59288347788737,4.057634591513629
272.59288307387646,4.057606311329687
272.5928850362351,4.05754417006982
272.59288689576806,4.057520895703665
272.59288937253774,4.057489895853017
272.59289335188765,4.057460771802581
272.5928990892365,4.057418781316781
272.5929078858351,4.057377222066297
272.59292073066257,4.0573241976803125
272.5929395564767,4.057259893783855
272.5929671201966,4.057183111303579
272.59300744407955,4.057091115816653
272.5930664064217,4.056980568646581
272.59315259500227,4.056847529651298
272.5932785550721,4.05668727305655
272.5934626129042,4.056494113819851
272.5937315396491,4.056261215643269
272.5941244438379,4.055981439985176
272.5946836760697,4.055650947755771
272.5954796262608,4.05526052710688
272.5966124720118,4.054798362276836
272.59822478672623,4.054250597274759
272.60051948112397,4.053600969126874
272.603785337915,4.052830401665159
272.60843335277275,4.0519165588758215
272.615048454825,4.05083336171403
272.62446311526764,4.049550479573172
272.6378621071518,4.048032818202717
272.6569315995182,4.046240041662318
272.6840713481731,4.04412618917031
272.7226966856035,4.0416394818218
272.77766831302677,4.038722463502742
272.85590398043746,4.035312691163138
272.9672490296522,4.0313442902359755
273.1257153511729,4.026750832584904
273.35124466759845,4.021470191726916
273.6722180385793,4.015452302498807
274.12902738827654,4.008671124688669
274.77915850325155,4.001142612833517
275.70442515507835,3.992951157885586
277.02126470366966,3.984287803473638
278.4354781585565,3.9773751614927217
279.8496916336006,3.972082699605494
281.2639051221653,3.967942657088181
282.67811862049393,3.9646733122692623
284.09233212621507,3.9620892166572586
285.5065456377393,3.960060397868811
286.9207591539485,3.958491380057789
288.33497267402447,3.9573093978864815
289.749186197349,3.956457317496433
291.1633997234423,3.955889155807769
292.5776132519236,3.9555671221520745
293.99182678248485,3.9554595960706496
295.40604031487266,3.955539704429128
296.8202538488756,3.9557842954583515
298.2344673843151,3.95617318344108
299.64868092103853,3.9566885826546345
301.0628944589142,3.9573146766106158
302.4771079978274,3.9580372859192137
303.8913215376776,3.9588436092997714
305.3055350783759,3.9597220196799547
306.71974861984336,3.9606619023568035
308.1339621620092,3.961653525662947
309.54817570480986,3.9626879370215717
310.962389248188,3.9637568790125712
312.3766027920915,3.964852721331808
313.7908163364729,3.9659684054464446
315.20502988128897,3.967097399433788
316.61924342649996,3.968233661002886
318.0334569720695,3.9693716070863445
319.447670517964,3.9705060886871317
320.8618840641528,3.9716323698948104
322.2760976106073,3.9727461101661734
323.6903111573013,3.973843349108394
325.10452470421075,3.974920493119185
326.5187382513133,3.9759743033335493
327.93295179858865,3.977001884408695
329.3471653460179,3.97800067374753
330.76137889358404,3.9789684308253346
332.17559244127153,3.9799032263397542
333.5898059890663,3.9808034309586278
335.0040195369558,3.981667703490827
336.4182330849289,3.9824949783530728
337.8324466329757,3.9832844522527946
339.24666018108786,3.984035570052185
340.6608737292583,3.9847480098205663
342.07508727748115,3.9854216671219116
343.4893008257519,3.986056638621723
344.90351437406724,3.9866532051285475
346.3177279224251,3.987211814214149
347.73194147082455,3.987733062577949
349.14615501926573,3.9882176783382812
350.56036856774995,3.98866650344194
351.97458211627946,3.9890804763882883
353.32473114919264,3.989444111411171
354.73894469781783,3.9897929564583112
356.15315824650355,3.9901101315396166
357.56737179525237,3.9903967947734804
358.9815853440706,3.9906541332035466
360.39579889296516,3.9908833418487957
361.81001244194346,3.9910856148982212
363.2242259910132,3.9912621363865166
364.6384395401825,3.9914140721927556
366.05265308945957,3.9915425633346597
367.46686663885276,3.9916487205061646
368.88108018837033,3.991733619780203
370.2952937380206,3.991798299378218
371.70950728781145,3.99184375739211
373.1237208377506,3.9918709503318106
374.5379343878455,3.9918807923649497
375.9521479381029,3.991874155111336
377.3663614885291,3.9918518678567225
378.7805750391299,3.991814718054161
380.1947885899102,3.9917634519890806
381.60900214087434,3.9916987754945548
383.0232156920257,3.991621354613614
384.4374292433668,3.9915318161198825
385.85164279489925,3.9914307478196727
387.26585634662354,3.991318698572265
388.6800698985391,3.9911961779787015
390.09428345064424,3.9910636556995205
391.508497002936,3.9909215603746215
392.92271055541005,3.9907702781261722
394.33692410806066,3.9906101506339486
395.7511376608805,3.9904414727789534
397.16535121386056,3.99026448985514
398.57956476699,3.990079394353301
399.99377832025596,3.9898863223213024
401.40799187364325,3.9896853493067046
402.8222054271342,3.9894764858858194
404.23641898070827,3.9892596727823455
405.65063253434187,3.9890347755745617
407.06484608800764,3.988801578988231
408.47905964167416,3.9885597807682913
409.89327319530514,3.988308985117255
411.3074867488588,3.9880486956885637
412.721700302287,3.987778308117339
414.13591385553383,3.987497102075151
415.55012740853454,3.9872042328371804
416.9643409612138,3.986898722362006
418.3785545134835,3.9865794499017926
419.76265915768596,3.986252425794586
421.1768727087933,3.9859020138637056
422.5910862591543,3.985533558088677
424.00529980856777,3.985145270978442
425.41951335682796,3.9847351730640344
426.8337269036862,3.9843010854313277
428.24794044883987,3.9838406252624745
429.66215399191753,3.9833512067857395
431.07636753245924,3.9828300513025
432.49058106988963,3.9822742121775416
433.9047946034813,3.981680624299798
435.31900813230334,3.981046193544487
436.73322165514855,3.9803679519441157
438.1474351704286,3.9796433218208076
439.5616486760197,3.9788705630162826
440.97586216903096,3.978049532965336
442.39007564545034,3.9771829918801167
443.804289099591,3.9762788786518506
445.218502523212,3.9753543546996895
446.63271590410795,3.974443133275514
448.0469292238705,3.9736089820277716
449.4611424545473,3.9729706636715596
450.87535555465655,3.9727464139712874
452.2895684684511,3.97332306956147
453.7037811418256,3.9753212793098927
455.11799357427697,3.9795349091410994
456.53220587442655,3.9866217378863773
457.94641820516244,3.9968231898808875
458.6229933480704,4.002806106290449
459.8944694990672,4.0160447571306275
461.3086820829673,4.034319184339084
462.7228946644231,4.058131599268167
464.1371069505632,4.094656547258459
464.4906597780934,4.109892968346754
464.7358836065613,4.126866237988899
464.82092663521024,4.139099985004843
464.835306760661,4.144687124736089
464.83652217731236,4.146016102378892
464.8367326346427,4.146438529195931
464.8368817418409,4.146997697439121
464.83689462314214,4.147132733598099
464.83689873957496,4.147210628670635
464.83690020430146,4.147238345623862
464.8369001308172,4.147278668316511
464.8368988462785,4.147335439982645
464.836896652373,4.147391232371709
464.8368929443704,4.147447979195931
464.8368873135476,4.147507701846584
464.8368789328615,4.147575059759683
464.8368665486575,4.147653225512534
464.83684832811133,4.147745053040416
464.8368215918881,4.147853865184048
464.83678242272606,4.1479836015977085
464.83672509600365,4.148138939080132
464.8366412477849,4.148325471007175
464.8365186591069,4.148549918722091
464.8363394798867,4.148820380652414
464.8360776321717,4.149145362875383
464.8357048776205,4.149529687315763
464.83517428096434,4.1499844876851135
464.83441904640495,4.150524149266692
464.83334410894025,4.151165733248314
464.83181417159443,4.151929544390036
464.82963667940993,4.152839804754144
464.8265375879816,4.153925460416674
464.822126877202,4.155221153762827
464.81584947040267,4.156768400793996
464.80691538246253,4.158617022466077
464.79420030658724,4.160826892007659
464.7761041294084,4.163470076678683
464.75034956967033,4.16663347502435
464.71369560080717,4.170422079624519
464.66152959395424,4.1749630340181625
464.5872868558811,4.180410702870645
464.4816245153765,4.186953038638009
464.3312457983483,4.1948196069565515
464.11722673613934,4.204291719816267
463.81263473679235,4.2157151960917965
463.4575356133999,4.227177526325871
462.84058490579343,4.2442376438338645
461.9625405826413,4.264789131929847
460.71290783890663,4.289631509154753
460.58715973159326,4.291929838108945
459.17294628495586,4.315938858216327
457.7587328117675,4.33734062323564
456.34451932363703,4.35682921444616
454.93030582493475,4.374811464876779
453.51609231832975,4.39154847435149
452.1018788055562,4.407218889105037
450.6876652878028,4.421951108362425
449.2734517659223,4.435841245242499
447.8592382405506,4.448963839442007
446.4450247121782,4.461378576411926
445.03081118119434,4.47313466361406
443.6165976479157,4.484273761522781
442.2023841126054,4.4948319868139475
440.7881705754861,4.504841301142752
439.3739570367489,4.514330483434119
437.95974349655967,4.523325815136274
436.54552995506407,4.531851565533148
435.13131641239085,4.5399303369834625
433.7171028686544,4.547583311896188
432.30288932395723,4.554830430913718
430.8886757783911,4.561690523186005
429.4744622320387,4.568181403534082
428.0602486849748,4.574319946950659
426.64603513726695,4.580122147763477
425.23182158897646,4.585603168544464
423.817608040159,4.590777382235954
422.40339449086514,4.595658409818736
420.98918094114117,4.600259155048783
419.5749673910292,4.604591837217244
418.1607538405678,4.608668022511077
416.87058044485565,4.612172226768717
415.4563668938294,4.615787885528004
414.04215334254144,4.61917728879009
412.6279397910269,4.62234973054408
411.21372623931137,4.625313991270851
409.7995126874185,4.628078364138235
408.38529913537025,4.6306506797094755
406.9710855831872,4.633038329561784
405.55687203088826,4.635248288772685
404.1426584784914,4.6372871372473305
402.72844492601337,4.639161079867469
401.3142313734699,4.640875965456409
399.900017820876,4.642437304561937
398.4858042682456,4.643850286067446
397.07159071559227,4.645119792650404
395.6573771629288,4.646250415107398
394.24316361026746,4.647246465575039
392.82895005762003,4.648111989673146
391.4147365049979,4.648850777601319
390.00052295241215,4.64946637422046
388.58630939987347,4.649962088149232
387.1720958473923,4.650340999907446
385.75788229497897,4.650605969134865
384.3436687426435,4.650759640915555
382.92945519039586,4.650804451232764
381.5152416382459,4.650742631582192
380.1010280862035,4.65057621276603
378.6868145342783,4.6503070278907295
377.2726009824802,4.649936714589145
375.85838743081894,4.649466716486608
374.4441738793044,4.648898283928535
373.0299603279465,4.648232473987409
371.6157467767554,4.6474701497644695
370.2015332257411,4.646611979002513
368.7873196749141,4.645658432024822
367.3731061242849,4.644609779016391
365.95889257386426,4.643466086662977
364.5446790236631,4.642227214166184
363.13046547369265,4.64089280865225
361.71625192396436,4.639462299996686
360.30203837449005,4.637934895086631
358.8878248252817,4.636309571549537
357.47361127635173,4.634585070976632
356.0593977277129,4.632759891678868
354.64518417937825,4.630832281013713
353.2309706313612,4.628800227331325
351.8167570836755,4.626661451593824
350.4025435363355,4.624413398728282
348.9883299893557,4.622053228786108
347.5741164427512,4.619577807987443
346.1599028965373,4.616983699742136
344.74568935072995,4.614267155749754
343.33147580534535,4.6114241072917075
341.9172622604002,4.608450156843945
340.5030487159116,4.605340570148551
339.08883517189696,4.602090268898231
337.6746216283742,4.598693824199511
336.2604080853615,4.5951454509936305
334.84619454287747,4.5914390036241866
333.43198100094094,4.58756797275223
332.0177674595711,4.583525483824451
330.60355391878727,4.5793042973042635
329.18934037860913,4.574896810874439
327.7751268390563,4.57029506381063
326.36091330014875,4.565490743710512
324.9466997619062,4.5604751957357825
323.5324862243485,4.555239434485998
322.11827268749533,4.54977415856833
320.7040591513663,4.544069767855618
319.2898456159808,4.538116383327921
317.8756320813579,4.531903869273883
316.46141854751636,4.525421857474734
315.04720501447474,4.518659772805875
313.6329914822512,4.511606859461627
312.2187779508638,4.504252206730069
310.80456442033034,4.496584772908602
309.3903508906687,4.488593405548802
307.9761373618971,4.480266855734001
306.5619238340345,4.4715937835076165
305.1477103071009,4.462562750860307
303.7334967811184,4.453162197801083
302.31928325611165,4.443380395933423
300.9050697321095,4.433205372529674
299.4908562091463,4.422624796212329
298.07664268726387,4.411625812790205
296.66242916651447,4.400194816213921
295.2482156469639,4.388317134472333
293.83400212869634,4.375976602658351
292.41978861182037,4.363154983937746
291.00557509647734,4.3498311812771915
289.5913615828532,4.33598015420316
288.1771480711949,4.321571407715412
286.76293456183504,4.306566839950653
285.34872105522885,4.29091759189248
283.9345075520131,4.274559274773341
282.52029405310384,4.257404420774956
281.10608055986916,4.239329874826042
279.6918670744576,4.220154218419308
278.2776536004884,4.199593433326728
276.8634401447141,4.177161822891297
275.4492267219434,4.151902326645119
274.0350133760454,4.121337955357161
272.62080051614726,4.065502797257827
272.59870358448063,4.061172955209321
272.594967212098,4.059732540132705
272.5936716145344,4.058911506939534
272.59321079014114,4.058446198070709
272.5928834811236,4.057634668375167
272.59288307429557,4.0576063113318
272.5928842297592,4.057569978331218
272.59288547662703,4.057530771168613
272.5928884409554,4.057500613025859
272.592892261177,4.057461747294855
272.5928982869228,4.0574273480927125
272.5929069978277,4.057377620110387
272.59292021913336,4.057325356907243
272.59293955080227,4.057259990637945
272.5929678539956,4.057181275800518
272.5930092615794,4.057087325105121
272.5930698084041,4.056974758443285
272.593158312354,4.056839507449983
272.5932876552455,4.056676757808383
272.5934766550703,4.056480736731466
272.5937528024896,4.056245424867317
272.5941458667489,4.0559675335136305
272.5947053268868,4.055639284218152
272.59550160012657,4.055250681671069
272.5966349049301,4.0547899913766
272.59824787247794,4.054243417589204
272.6005434956483,4.053594742875267
272.60381067403176,4.052824925955082
272.6084605696146,4.051911657644397
272.6150783481991,4.050828879397852
272.6244968178015,4.049546276016729
272.637901230825,4.048028764494944
272.656978438517,4.046236016722782
272.6841291675953,4.044122077030918
272.7227701323447,4.041635169614771
272.77776400055455,4.038717840273523
272.85603132104313,4.035307647747434
272.96742141891156,4.031338720580959
273.1259518536716,4.0267446371043025
273.3515724160561,4.021463283544233
273.67267564828364,4.015444617812335
274.1296698165059,4.00866263898231
274.780063965205,4.001133365333056
275.70570496662776,3.992941287516599
277.0230772895644,3.9842776005858758
278.43729074448447,3.977367470713643
279.8515042195492,3.972076730296659
281.2657177081284,3.967937957038701
282.67993120646787,3.964669594186245
284.0941447121973,3.9620862843807063
285.5083582237282,3.9600581101785814
286.9225717399428,3.9584896310477173
288.33678526002325,3.957308105497643
289.7509987833516,3.9564564164178786
291.1652123094482,3.955888592873782
292.5794258379323,3.9555668532429955
293.9936393684961,3.955459583959853
295.4078529008861,3.9555399172474477
296.82206643489104,3.955784705573906
298.2362799703323,3.9561737666265557
299.65049350705726,3.956689317458062
301.06470704493427,3.9573155438727885
302.4789205838487,3.958038268399645
303.89313412370007,3.958844691383165
305.30734766439946,3.9597231871443226
306.72156120586783,3.960663142188675
308.1357747480345,3.9616548259091076
309.549988290836,3.96268928666966
310.9642018342148,3.963758267894623
312.3784153781189,3.9648541400456443
313.7926289225009,3.9659698452917858
315.2068424673175,3.967098852360056
316.6210560125289,3.968235119566288
318.0352695580989,3.9693730644144867
319.4494831039938,3.970507538449755
320.86369665018293,3.971633806279164
322.2779101966378,3.9727475278559417
323.6921237433321,3.973844743265638
325.1063372902418,3.9749218593680773
326.5205508373446,3.975975637745658
327.9347643846201,3.9770031834888213
329.3489779320496,3.9780019344202056
330.7631914796159,3.9789696504209626
332.1774050273035,3.979904402580453
333.59161857509844,3.9808045619436196
335.00583212298807,3.981668787680766
336.4200456709612,3.982496014553387
337.8342592190081,3.98328543959624
339.24847276712035,3.984036507980184
340.66268631529084,3.9847488980634975
342.07689986351375,3.985422505678524
343.49111341178457,3.986057427737791
344.90532696009996,3.9866539452746905
346.31954050845786,3.9872125060634773
347.7337540568573,3.9877337069833496
349.14796760529856,3.988218276309761
350.56218115378283,3.9886670561242514
351.9763947023124,3.9890809850389743
353.3247314629041,3.989444111617107
354.73894501152927,3.9897929565429733
356.153158560215,3.990110131606549
357.5673721089638,3.990396794833802
358.98158565778203,3.990654133257441
360.3957992066766,3.990883341896615
361.8100127556549,3.9910856149401592
363.22422630472465,3.991262136422911
364.63843985389394,3.9914140722238125
366.052653403171,3.9915425633606105
367.4668669525642,3.9916487205272917
368.8810805020818,3.9917336197967366
370.295294051732,3.9917982993904233
371.7095076015229,3.991843757400132
373.12372115146206,3.9918709503358807
374.53793470155694,3.9918807923652437
375.9521482518143,3.9918741551080967
377.36636180224053,3.9918518678500945
378.7805753528413,3.9918147180443317
380.19478890362166,3.9917634519762
381.6090024545858,3.991698775478778
383.02321600573714,3.991621354595071
384.43742955707825,3.991531816098715
385.8516431086107,3.9914307477960183
387.265856660335,3.9913186985462374
388.68007021225054,3.9911961779504117
390.0942837643557,3.9910636556690156
391.50849731664744,3.9909215603420503
392.9227108691215,3.9907702780916243
394.3369244217721,3.990610150597518
395.7511379745919,3.9904414727406072
397.165351527572,3.9902644898149933
398.57956508070146,3.9900793943113624
399.9937786339674,3.989886322277566
401.4079921873547,3.989685349261218
402.8222057408456,3.9894764858386313
404.2364192944197,3.9892596727333673
405.6506328480533,3.9890347755237445
407.0648464017191,3.9888015789355715
408.4790599553856,3.9885597807136994
409.8932735090166,3.9883089850606135
411.30748706257026,3.9880486956297423
412.72170061599843,3.9877783080561917
414.13591416924527,3.987497102011462
415.550127722246,3.9872042327708597
416.96434127492523,3.986898722292751
418.37855482719493,3.9865794498293576
419.7626591342226,3.9862524258002536
421.17687268532995,3.9859020138696897
422.5910862356909,3.9855335580949585
424.0052997851044,3.9851452709850705
425.4195133333646,3.984735173071041
426.83372688022286,3.9843010854387138
428.2479404253765,3.9838406252703686
429.66215396845416,3.9833512067940955
431.0763675089959,3.9828300513114296
432.49058104642626,3.9822742121870767
433.90479458001795,3.981680624310009
435.31900810883997,3.981046193555388
436.7332216316852,3.9803679519557615
438.1474351469652,3.979643321833267
439.5616486525563,3.978870563029484
440.9758621455676,3.9780495329793353
442.39007562198697,3.977182991894862
443.80428907612765,3.9762788786670846
445.21850249974864,3.9753543547150656
446.6327158806446,3.9744431332902126
448.04692920040713,3.973608982040404
449.46114243108394,3.972970663679488
450.8753555311932,3.972746413969767
452.28956844498776,3.973323069542123
453.70378111836226,3.975321279260684
455.11799355081365,3.9795349090486782
456.5322058509633,3.9866217377431328
457.9464181816992,3.9968231896854727
458.62299332460714,4.002806106070499
459.8944695177508,4.016044757345496
461.30868210165085,4.034319184610823
462.72289468310663,4.058131599637668
464.1371069692467,4.0946565479372286
464.4906597967769,4.109892969331852
464.73588362524475,4.126866239849898
464.8209266538934,4.1390999897695835
464.83530677934226,4.144687139881716
464.8365221959857,4.146016133597988
464.83673265329395,4.1464385759874505
464.8368817602794,4.146997828847525
464.8368946410099,4.147132987476027
464.83689875509873,4.1472110524269725
464.8369002186707,4.147238823745695
464.83690013747423,4.147278668300041
464.83689884617667,4.147335440033568
464.83689665379075,4.147391195599794
464.8368929461316,4.147447955192421
464.8368873153382,4.147507686216725
464.8368789346614,4.147575047701096
464.8368665504653,4.147653215416066
464.83684832992714,4.147745044650338
464.83682159370994,4.147853858348739
464.83678242455227,4.147983596143437
464.83672509783247,4.148138934704038
464.83664124961524,4.148325467425096
464.83651866093834,4.148549915762314
464.8363394817188,4.148820378195005
464.83607763400425,4.149145360821787
464.83570487945343,4.1495296856078685
464.8351742827975,4.149984486247192
464.83441904823826,4.150524148072327
464.8333441107737,4.151165732243475
464.8318141734279,4.151929543555056
464.82963668124347,4.152839804048064
464.8265375898152,4.153925459823768
464.82212687903564,4.155221153267425
464.8158494722364,4.1567684003714405
464.80691538429625,4.158617022120264
464.79420030842095,4.160826891712501
464.77610413124216,4.1634700764330015
464.7503495715041,4.166633474818137
464.71369560264094,4.170422079448253
464.661529595788,4.174963033870416
464.58728685771484,4.180410702744377
464.48162451721026,4.186953038532925
464.33124580018205,4.194819606866334
464.1172267379731,4.204291719740901
463.8126347386261,4.2157151960286665
463.45753561523367,4.227177526269834
462.8405849076272,4.244237643787995
461.96254058447505,4.26478913188957
460.7129078407404,4.289631509120774
460.5871596912802,4.291929838841259
459.1729462446428,4.315938858859274
457.75873277145445,4.337340623815804
456.34451928332396,4.356829214979035
454.9303057846217,4.374811465370472
453.5160922780167,4.391548474812675
452.10187876524316,4.407218889537811
450.68766524748975,4.421951108769725
449.2734517256092,4.435841245626999
447.85923820023754,4.448963839805618
446.44502467186516,4.461378576756105
445.03081114088127,4.473134663940175
443.6165976076026,4.48427376183181
442.2023840722923,4.494831987106929
440.78817053517304,4.504841301420614
439.3739569964358,4.514330483697327
437.9597434562466,4.5233258153858475
436.545529914751,4.531851565769589
435.1313163720778,4.539930337207659
433.71710282834135,4.54758331210858
432.30288928364416,4.554830431114684
430.888675738078,4.5616905233762
429.47446219172565,4.568181403714096
428.0602486446617,4.574319947120738
426.6460350969539,4.5801221479240315
425.2318215486634,4.585603168696368
423.8176079998459,4.5907773823791524
422.40339445055207,4.595658409953716
420.9891809008281,4.600259155176048
419.5749673507161,4.604591837336976
418.1607538002547,4.608668022623668
416.8705804466895,4.612172226763882
415.4563668956632,4.6157878855234244
414.04215334437527,4.619177288785811
412.62793979286073,4.622349730540064
411.2137262411452,4.625313991267113
409.7995126892523,4.628078364134692
408.3852991372041,4.630650679706266
406.971085585021,4.633038329558863
405.5568720327221,4.6352482887699065
404.1426584803252,4.637287137244774
402.7284449278472,4.639161079865131
401.31423137530373,4.640875965454296
399.9000178227098,4.642437304559996
398.4858042700794,4.643850286065746
397.0715907174261,4.645119792648801
395.65737716476264,4.646250415106028
394.2431636121013,4.647246465573833
392.82895005945386,4.64811198967214
391.41473650683173,4.648850777600517
390.000522954246,4.649466374219701
388.5863094017073,4.649962088148654
387.17209584922614,4.650340999906988
385.7578822968128,4.650605969134627
384.3436687444773,4.6507596409154655
382.9294551922297,4.650804451232792
381.51524164007975,4.650742631582361
380.1010280880373,4.650576212766293
378.68681453611214,4.65030702789117
377.272600984314,4.649936714589716
375.85838743265276,4.649466716487283
374.4441738811382,4.648898283929375
373.02996032978035,4.6482324739883545
371.6157467785892,4.647470149765529
370.20153322757494,4.646611979003674
368.7873196767479,4.6456584320261225
367.3731061261187,4.644609779017816
365.9588925756981,4.643466086664528
364.5446790254969,4.642227214167846
363.1304654755265,4.640892808654059
361.7162519257982,4.639462299998617
360.3020383763239,4.637934895088685
358.88782482711554,4.636309571551671
357.47361127818556,4.634585070978944
356.05939772954673,4.6327598916812915
354.6451841812121,4.630832281016229
353.230970633195,4.628800227334038
351.8167570855093,4.626661451596641
350.4025435381693,4.624413398731255
348.9883299911895,4.622053228789264
347.574116444585,4.619577807990695
346.1599028983711,4.6169836997455995
344.7456893525638,4.61426715575333
343.3314758071792,4.611424107295459
341.91726226223403,4.608450156847921
340.5030487177454,4.605340570152647
339.0888351737308,4.60209026890251
337.67462163020804,4.598693824204052
336.26040808719534,4.595145450998336
334.8461945447113,4.59143900362911
333.43198100277476,4.587567972757371
332.0177674614049,4.583525483829798
330.6035539206211,4.579304297309859
329.18934038044296,4.574896810880258
327.77512684089015,4.5702950638167295
326.3609133019826,4.565490743716877
324.94669976374,4.560475195742436
323.5324862261823,4.555239434492916
322.11827268932916,4.549774158575604
320.70405915320015,4.544069767863208
319.28984561781465,4.5381163833357965
317.8756320831917,4.531903869282116
316.4614185493502,4.52542185748333
315.04720501630857,4.518659772814846
313.63299148408504,4.511606859470983
312.2187779526976,4.5042522067398245
310.80456442216416,4.496584772918748
309.3903508925025,4.488593405559389
307.9761373637309,4.480266855745003
306.5619238358683,4.471593783519113
305.14771030893473,4.462562750872251
303.7334967829522,4.453162197813552
302.3192832579455,4.443380395946376
300.9050697339433,4.433205372543124
299.4908562109801,4.422624796226376
298.0766426890977,4.411625812804762
296.6624291683483,4.400194816228986
295.2482156487977,4.388317134487999
293.83400213053017,4.375976602674663
292.4197886136542,4.363154983954707
291.00557509831117,4.349831181294836
289.59136158468704,4.335980154221456
288.1771480730287,4.321571407734494
286.76293456366886,4.3065668399705
285.3487210570627,4.290917591913219
283.9345075538469,4.274559274795043
282.52029405493766,4.257404420797712
281.106080561703,4.239329874850151
279.69186707629143,4.220154218445011
278.27765360232223,4.199593433354465
276.86344014654793,4.177161822921892
275.4492267237772,4.151902326680423
274.03501337787924,4.121337955402802
272.6208005179811,4.065502797522733
272.5987035863144,4.061172955778235
272.5949672139317,4.059732541072837
272.59367161636777,4.05891150846224
272.5932107919738,4.058446200419845
272.59288348290636,4.057634710795912
272.5928830745155,4.057606311333268
272.5928850342211,4.057544237939888
272.59288689285637,4.05752093605753
272.5928893689661,4.057489892840111
272.59289334898335,4.0574607836717185
272.59289908657,4.057418819939834
272.59290788286944,4.05737724155023
272.59292072766834,4.057324208506824
272.59293955348346,4.057259902626646
272.59296711720003,4.0571831188273535
272.5930074410797,4.057091122022045
272.5930664034197,4.056980573730173
272.5931525919989,4.05684753385413
272.5932785520678,4.056687276518882
272.59346260989923,4.056494116674564
272.5937315366437,4.0562612180005075
272.5941244408322,4.055981441945137
272.5946836730638,4.055650949380949
272.59547962325473,4.055260528455477
272.5966124690057,4.05479836339957
272.59822478372007,4.054250598210863
272.60051947811775,4.053600969906974
272.6037853349087,4.052830402315795
272.6084333497664,4.051916559418082
272.61504845181867,4.050833362165471
272.6244631122613,4.049550479948037
272.6378621041455,4.048032818514578
272.65693159651187,4.046240041920703
272.6840713451668,4.044126189384128
272.7226966825972,4.041639481998077
272.77766831002043,4.038722463647977
272.8559039774311,4.035312691282317
272.9672490266458,4.031344290333118
273.1257153481665,4.026750832663637
273.35124466459206,4.021470191790334
273.6722180355729,4.015452302549296
274.12902738527015,4.008671124728448
274.77915850024516,4.001142612864244
275.70442515207196,3.9929511579087813
277.02126470066327,3.98428780349057
278.43547815555013,3.977375161505454
279.84969163059424,3.972082699615424
281.2639051191589,3.9679426570959433
282.67811861748754,3.9646733122754205
284.0923321232087,3.9620892166621164
285.5065456347329,3.9600603978725943
286.9207591509421,3.9584913800606705
288.3349726710181,3.9573093978886367
289.7491861943426,3.9564573174979207
291.1633997204359,3.9558891558087037
292.5776132489172,3.9555671221525364
293.99182677947846,3.9554595960706793
295.40604031186626,3.95553970442876
296.8202538458692,3.9557842954576627
298.2344673813087,3.9561731834401117
299.64868091803214,3.956688582653422
301.0628944559078,3.957314676609172
302.477107994821,3.958037285917601
303.8913215346712,3.9588436092979737
305.3055350753695,3.9597220196780083
306.71974861683697,3.960661902354757
308.1339621590028,3.9616535256608163
309.5481757018035,3.962687937019339
310.9623892451816,3.9637568790102504
312.3766027890851,3.9648527213294416
313.7908163334665,3.9659684054440505
315.2050298782826,3.967097399431364
316.6192434234936,3.9682336610004634
318.0334569690631,3.969371607083912
319.4476705149576,3.9705060886847225
320.8618840611464,3.971632369892439
322.2760976076009,3.972746110163818
323.69031115429493,3.9738433491060943
325.10452470120435,3.9749204931169135
326.51873824830693,3.975974303331344
327.93295179558226,3.9770018844065396
329.3471653430115,3.978000673745428
330.76137889057765,3.97896843082334
332.17559243826514,3.9799032263377834
333.5898059860599,3.9808034309567404
335.0040195339494,3.981667703489042
336.4182330819225,3.982494978351344
337.8324466299693,3.9832844522511657
339.24666017808147,3.984035570050623
340.6608737262519,3.9847480098190764
342.07508727447475,3.9854216671205327
343.4893008227455,3.9860566386204352
344.90351437106085,3.986653205127343
346.3177279194187,3.9872118142130133
347.73194146781816,3.9877330625768646
349.14615501625934,3.9882176783372554
350.56036856474356,3.9886665034410136
351.9745821132731,3.989080476387438
353.3247311883331,3.9894441114212844
354.7389447369583,3.9897929564687677
356.153158285644,3.9901101315479535
357.5673718343928,3.9903967947810113
358.98158538321104,3.990654133210265
360.3957989321056,3.9908833418547602
361.8100124810839,3.991085614903434
363.22422603015366,3.991262136391064
364.63843957932295,3.991414072196651
366.0526531286,3.991542563337923
367.4668666779932,3.991648720508805
368.8810802275108,3.9917336197822477
370.295293777161,3.9917982993797354
371.7095073269519,3.9918437573931156
373.12372087689107,3.9918709503323146
374.53793442698594,3.9918807923650004
375.9521479772433,3.991874155110925
377.36636152766954,3.991851867855898
378.7805750782703,3.9918147180529306
380.19478862905066,3.991763451987473
381.6090021800148,3.9916987754925657
383.02321573116615,3.991621354611279
384.43742928250725,3.991531816117246
385.8516428340397,3.991430747816708
387.265856385764,3.991318698569029
388.68006993767955,3.991196177975188
390.0942834897847,3.9910636556957275
391.50849704207644,3.990921560370587
392.9227105945505,3.990770278121863
394.3369241472011,3.990610150629433
395.75113770002093,3.9904414727741475
397.165351253001,3.9902644898501594
398.57956480613046,3.990079394348054
399.9937783593964,3.9898863223158534
401.4079919127837,3.9896853493010087
402.8222054662746,3.989476485879927
404.2364190198487,3.9892596727762117
405.6506325734823,3.989034775568183
407.0648461271481,3.9888015789816533
408.4790596808146,3.988559780761448
409.8932732344456,3.9883089851102027
411.30748678799927,3.9880486956812424
412.72170034142744,3.987778308109694
414.1359138946743,3.987497102067179
415.550127447675,3.987204232828899
416.96434100035424,3.9868987223533763
418.37855455262394,3.986579449892795
419.76265915467957,3.9862524257953
421.17687270578693,3.9859020138644974
422.5910862561479,3.985533558089529
424.0052998055614,3.9851452709792574
425.41951335382157,3.984735173064921
426.83372690067984,3.9843010854322642
428.2479404458335,3.9838406252635132
429.66215398891114,3.9833512067868195
431.07636752945285,3.9828300513036683
432.49058106688324,3.9822742121787345
433.90479460047493,3.981680624301103
435.31900812929695,3.9810461935458865
436.73322165214216,3.9803679519455892
438.1474351674222,3.979643321822398
439.5616486730133,3.978870563017949
440.97586216602457,3.978049532967132
442.39007564244395,3.9771829918819925
443.8042890965846,3.9762788786537877
445.2185025202056,3.9753543547016896
446.63271590110156,3.974443133277387
448.0469292208641,3.973608982029413
449.4611424515409,3.9729706636725783
450.87535555165016,3.972746413971098
452.2895684654447,3.973323069558919
453.7037811388192,3.9753212793035755
455.1179935712706,3.979534909129201
456.53220587142016,3.9866217378679503
457.94641820215605,3.9968231898558155
458.622993345064,4.002806106262163
459.8944694960608,4.016044757095887
461.3086820799609,4.034319184295506
462.72289466141666,4.0581315992095295
464.13710694755673,4.09465654714965
464.49065977508695,4.109892968188709
464.73588360355484,4.12686623768669
464.82092663220385,4.139099984249302
464.83530675765496,4.144687122293248
464.83652217430756,4.1460160973946465
464.8367326316415,4.146438521650619
464.83688173887316,4.146997676646949
464.8368946202698,4.147132692192325
464.83689873709346,4.147210558955362
464.8369002020122,4.147238266841187
464.83690012972056,4.147278668319775
464.83689884629115,4.1473354399750875
464.8368966521003,4.147391237768637
464.8368929440491,4.147447982165911
464.83688731325543,4.147507705344102
464.83687893255774,4.147575062546814
464.8368665483444,4.1476532270274085
464.83684832779846,4.147745054210992
464.83682159157553,4.1478538663160585
464.8367824224125,4.147983602505055
464.83672509568987,4.14813893985966
464.83664124747094,4.148325471700009
464.8365186587928,4.148549919310023
464.83633947957253,4.148820381169667
464.8360776318573,4.149145363228235
464.8357048773061,4.149529687634574
464.8351742806498,4.149984487925389
464.8344190460904,4.150524149478384
464.8333441086256,4.151165733418205
464.8318141712798,4.151929544536994
464.8296366790953,4.152839804872473
464.82653758766696,4.153925460526277
464.82212687688735,4.155221153847593
464.81584947008804,4.156768400863285
464.8069153821479,4.158617022528972
464.7942003062726,4.16082689205616
464.77610412909377,4.163470076721741
464.7503495693557,4.166633475061472
464.71369560049254,4.170422079652992
464.6615295936396,4.174963034042271
464.58728685556645,4.180410702889959
464.48162451506187,4.186953038655287
464.33124579803365,4.194819606971022
464.1172267358247,4.204291719827639
463.8126347364777,4.215715196102446
463.45753561308527,4.227177526336103
462.8405849054788,4.244237643843436
461.96254058232665,4.264789131936645
460.712907838592,4.2896315091604125
460.58715973127863,4.291929838114974
459.1729462846412,4.315938858220955
457.7587328114529,4.337340623240436
456.3445193233224,4.356829214450271
454.9303058246201,4.374811464880727
453.5160923180151,4.391548474355195
452.1018788052416,4.407218889108556
450.6876652874882,4.4219511083654
449.27345176560766,4.435841245245199
447.859238240236,4.448963839444998
446.4450247118636,4.461378576414458
445.0308111808797,4.4731346636167935
443.61659764760105,4.484273761525307
442.20238411229076,4.494831986816072
440.7881705751715,4.504841301144946
439.37395703643426,4.514330483435928
437.95974349624504,4.523325815138156
436.54552995474944,4.531851565534882
435.1313164120762,4.539930336985372
433.7171028683398,4.5475833118979025
432.3028893236426,4.554830430915323
430.88867577807645,4.561690523187419
429.4744622317241,4.56818140353559
428.06024868466017,4.574319946951958
426.6460351369523,4.580122147764482
425.23182158866183,4.585603168545775
423.81760803984434,4.590777382237001
422.4033944905505,4.595658409819695
420.98918094082654,4.600259155049816
419.57496739071456,4.604591837218125
418.16075384025316,4.608668022511803
416.870580444541,4.612172226769487
415.45636689351477,4.615787885528825
414.0421533422268,4.619177288790851
412.6279397907123,4.622349730544766
411.21372623899674,4.625313991271448
409.79951268710386,4.628078364138757
408.3852991350556,4.630650679710119
406.97108558287255,4.63303832956238
405.55687203057363,4.635248288773231
404.14265847817677,4.637287137247752
402.72844492569874,4.6391610798678755
401.3142313731553,4.640875965456779
399.90001782056135,4.642437304562225
398.485804267931,4.643850286067751
397.07159071527764,4.645119792650684
395.6573771626142,4.646250415107634
394.24316360995283,4.647246465575218
392.8289500573054,4.64811198967333
391.4147365046833,4.648850777601503
390.0005229520975,4.649466374220601
388.58630939955884,4.649962088149328
387.1720958470777,4.650340999907466
385.75788229466434,4.650605969134908
384.3436687423289,4.650759640915588
382.9294551900812,4.650804451232729
381.5152416379313,4.650742631582169
380.10102808588886,4.650576212765986
378.6868145339637,4.650307027890696
377.27260098216556,4.649936714589086
375.8583874305043,4.649466716486483
374.4441738789898,4.64889828392838
373.0299603276319,4.648232473987225
371.61574677644074,4.647470149764281
370.2015332254265,4.646611979002296
368.7873196745995,4.645658432024583
367.3731061239703,4.6446097790161005
365.95889257354963,4.643466086662707
364.54467902334846,4.6422272141658745
363.130465473378,4.640892808651976
361.71625192364974,4.639462299996344
360.3020383741754,4.6379348950863
358.8878248249671,4.636309571549106
357.4736112760371,4.634585070976228
356.0593977273983,4.6327598916784485
354.6451841790636,4.6308322810132365
353.23097063104655,4.628800227330864
351.81675708336087,4.626661451593345
350.40254353602086,4.62441339872776
348.98832998904106,4.622053228785571
347.57411644243655,4.619577807986868
346.15990289622266,4.616983699741578
344.7456893504153,4.614267155749145
343.3314758050307,4.611424107291055
341.9172622600856,4.6084501568432765
340.50304871559695,4.605340570147844
339.08883517158233,4.602090268897459
337.6746216280596,4.598693824198761
336.2604080850469,4.595145450992831
334.84619454256284,4.591439003623369
333.4319810006263,4.58756797275137
332.01776745925645,4.583525483823514
330.60355391847264,4.579304297303285
329.1893403782945,4.574896810873421
327.7751268387417,4.570295063809587
326.3609132998341,4.565490743709435
324.94669976159156,4.560475195734675
323.53248622403385,4.55523943448479
322.1182726871807,4.549774158567093
320.7040591510517,4.544069767854351
319.2898456156662,4.538116383326529
317.87563208104325,4.531903869272457
316.46141854720173,4.52542185747327
315.0472050141601,4.518659772804353
313.6329914819366,4.511606859460066
312.21877795054917,4.504252206728417
310.8045644200157,4.496584772906852
309.39035089035406,4.488593405547013
307.97613736158246,4.480266855732081
306.56192383371985,4.471593783505682
305.1477103067863,4.462562750858235
303.73349678080376,4.453162197798945
302.319283255797,4.443380395931205
300.90506973179487,4.433205372527336
299.49085620883164,4.422624796209955
298.07664268694924,4.41162581278772
296.66242916619984,4.400194816211327
295.24821564664927,4.388317134469652
293.8340021283817,4.375976602655578
292.41978861150574,4.363154983934859
291.0055750961627,4.34983118127418
289.5913615825386,4.335980154200041
288.17714807088026,4.321571407712157
286.7629345615204,4.306566839947234
285.3487210549142,4.29091759188891
283.93450755169846,4.274559274769647
282.5202940527892,4.257404420771008
281.1060805595545,4.239329874821902
279.691867074143,4.220154218414921
278.2776536001738,4.199593433321945
276.8634401443995,4.177161822886023
275.44922672162875,4.151902326639041
274.0350133757308,4.121337955349242
272.6208005158326,4.065502797212917
272.598703584166,4.061172955112918
272.5949672117834,4.059732539970441
272.59367161421983,4.058911506679752
272.5932107898267,4.058446197665903
272.59288348081753,4.057634661213107
272.59288307425373,4.057606311331057
272.592885034464,4.057544231683764
272.5928868931141,4.057520932698541
272.59288936927635,4.057489892930039
272.59289334924085,4.05746078260581
272.592899086809,4.057418816787161
272.5929078831313,4.05737723984833
272.59292072793284,4.05732420753693
272.59293955374807,4.05725990186261
272.59296711746487,4.057183118171434
272.59300744134475,4.05709112147272
272.59306640368504,4.056980573293356
272.5931525922643,4.056847533483426
272.5932785523333,4.056687276215432
272.5934626101648,4.056494116424138
272.59373153690933,4.056261217793683
272.59412444109785,4.055981441769681
272.5946836733294,4.0556509492380926
272.5954796235204,4.055260528336287
272.5966124692714,4.054798363300289
272.59822478398576,4.0542505981282195
272.6005194783835,4.053600969838081
272.60378533517445,4.052830402257521
272.60843335003216,4.051916559370275
272.6150484520844,4.050833362125413
272.62446311252705,4.0495504799152355
272.6378621044112,4.048032818486698
272.6569315967776,4.046240041898089
272.6840713454325,4.0441261893651514
272.72269668286293,4.041639481982491
272.7776683102862,4.038722463635178
272.85590397769687,4.035312691271791
272.96724902691153,4.0313442903244345
273.12571534843227,4.026750832656807
273.3512446648578,4.021470191784697
273.6722180358386,4.0154523025448485
274.1290273855359,4.00867112472494
274.7791585005109,4.001142612861507
275.7044251523377,3.9929511579067247
277.021264700929,3.9842878034890745
278.4354781558159,3.977375161504364
279.84969163086,3.9720826996145453
281.26390511942463,3.967942657095256
282.6781186177533,3.9646733122748934
284.0923321234744,3.9620892166616573
285.50654563499864,3.9600603978722915
286.92075915120785,3.9584913800604276
288.3349726712838,3.9573093978884453
289.74918619460834,3.956457317497817
291.16339972070165,3.9558891558086247
292.57761324918295,3.9555671221524986
293.9918267797442,3.955459596070674
295.406040312132,3.955539704428806
296.82025384613496,3.955784295457713
298.23446738157446,3.9561731834401694
299.6486809182979,3.9566885826535367
301.0628944561735,3.9573146766092973
302.4771079950867,3.9580372859177273
303.89132153493694,3.9588436092981243
305.30553507563525,3.9597220196781953
306.7197486171027,3.960661902354923
308.13396215926855,3.961653525661004
309.5481757020692,3.962687937019537
310.96238924544735,3.96375687901047
312.37660278935084,3.9648527213296574
313.79081633373227,3.965968405444261
315.2050298785483,3.967097399431582
316.6192434237593,3.9682336610006863
318.0334569693288,3.969371607084133
319.44767051522336,3.970506088684931
320.8618840614121,3.971632369892644
322.27609760786663,3.9727461101640302
323.6903111545607,3.9738433491063003
325.1045247014701,3.974920493117114
326.5187382485727,3.9759743033315433
327.932951795848,3.9770018844067168
329.34716534327725,3.9780006737456306
330.7613788908434,3.978968430823489
332.1755924385309,3.979903226337955
333.58980598632564,3.9808034309569305
335.00401953421516,3.9816677034892134
336.41823308218824,3.9824949783515153
337.83244663023504,3.983284452251308
339.2466601783472,3.9840355700507795
340.66087372651765,3.9847480098192234
342.0750872747405,3.9854216671206393
343.48930082301126,3.986056638620557
344.9035143713266,3.986653205127454
346.31772791968444,3.987211814213068
347.7319414680839,3.98773306257696
349.1461550165251,3.9882176783373504
350.5603685650093,3.988666503441106
351.9745821135388,3.9890804763875343
353.32473118859883,3.9894441114213293
354.738944737224,3.989792956468857
356.15315828590974,3.990110131548023
357.56737183465856,3.9903967947810672
358.9815853834768,3.9906541332102874
360.39579893237135,3.990883341854793
361.81001248134964,3.9910856149034926
363.2242260304194,3.991262136391105
364.6384395795887,3.9914140721966698
366.05265312886576,3.9915425633379122
367.46686667825895,3.9916487205088176
368.8810802277765,3.991733619782265
370.29529377742676,3.991798299379747
371.70950732721764,3.9918437573930814
373.1237208771568,3.9918709503323355
374.5379344272517,3.991880792364972
375.95214797750907,3.9918741551109216
377.3663615279353,3.9918518678559005
378.78057507853606,3.9918147180528862
380.1947886293164,3.991763451987502
381.6090021802805,3.991698775492559
383.0232157314319,3.9916213546112713
384.437429282773,3.991531816117217
385.85164283430544,3.9914307478167075
387.2658563860297,3.9913186985690254
388.6800699379453,3.9911961779751444
390.09428349005043,3.991063655695699
391.5084970423422,3.990921560370535
392.92271059481624,3.9907702781218743
394.33692414746685,3.9906101506293665
395.7511377002867,3.9904414727741084
397.16535125326675,3.9902644898500803
398.5795648063962,3.990079394348034
399.99377835966214,3.989886322315801
401.40799191304944,3.9896853493009496
402.82220546654037,3.9894764858798926
404.23641902011445,3.9892596727761975
405.65063257374806,3.9890347755681006
407.06484612741383,3.9888015789815876
408.47905968108034,3.9885597807614266
409.89327323471133,3.988308985110182
411.307486788265,3.988048695681168
412.7217003416932,3.9877783081096547
414.13591389494,3.987497102067129
415.5501274479407,3.987204232828852
416.96434100062,3.9868987223533217
418.3785545528897,3.9865794498926794
419.7626591549453,3.986252425795241
421.1768727060527,3.9859020138644197
422.59108625641363,3.985533558089432
424.0052998058271,3.985145270979189
425.4195133540873,3.9847351730648626
426.8337269009456,3.9843010854322003
428.2479404460992,3.9838406252633938
429.6621539891769,3.9833512067867156
431.0763675297186,3.982830051303549
432.490581067149,3.982274212178636
433.9047946007407,3.9816806243010285
435.3190081295627,3.9810461935457893
436.7332216524079,3.980367951945473
438.14743516768795,3.979643321822282
439.561648673279,3.978870563017824
440.9758621662903,3.9780495329669674
442.3900756427097,3.977182991881839
443.80428909685037,3.9762788786536403
445.21850252047136,3.9753543547014747
446.6327159013673,3.974443133277201
448.04692922112986,3.9736089820292855
449.46114245180667,3.9729706636724833
450.8753555519159,3.972746413971194
452.28956846571043,3.973323069559212
453.7037811390849,3.9753212793041857
455.1179935715363,3.9795349091302943
456.5322058716859,3.9866217378697426
457.9464182024218,3.9968231898580187
458.62299334532975,4.002806106264583
459.89446949632656,4.016044757099309
461.3086820802266,4.034319184299475
462.7228946616824,4.058131599214055
464.1371069478225,4.094656547158871
464.4906597753527,4.109892968201838
464.7358836038206,4.126866237712855
464.8209266324696,4.139099984310949
464.83530675792065,4.144687122497747
464.83652217457313,4.14601609782346
464.83673263190684,4.146438522249138
464.8368817391358,4.146997678368237
464.83689462052257,4.1471326960879455
464.8368987373137,4.147210565101387
464.83690020221695,4.147238273715297
464.83690012976155,4.147278668320222
464.8368988462035,4.147335439977339
464.83689665207487,4.1473912377303535
464.8368929440899,4.147447985054989
464.83688731320956,4.147507704628551
464.8368789325299,4.147575061901369
464.83686654832593,4.147653227490658
464.8368483277737,4.147745054106027
464.836821591552,4.147853866260368
464.83678242239,4.147983602685839
464.8367250956672,4.148138940065007
464.8366412474477,4.148325471724307
464.83651865876965,4.148549919333169
464.83633947954934,4.148820381185727
464.8360776318341,4.149145363264271
464.83570487728286,4.1495296876518255
464.83517428062663,4.149984487948061
464.8344190460672,4.150524149488367
464.8333441086025,4.151165733434729
464.83181417125667,4.151929544544
464.82963667907217,4.152839804884803
464.8265375876438,4.153925460526715
464.8221268768642,4.15522115385654
464.8158494700649,4.156768400866909
464.80691538212477,4.158617022531278
464.7942003062495,4.160826892061235
464.77610412907063,4.163470076723645
464.75034956933257,4.166633475062123
464.7136956004694,4.170422079654955
464.6615295936165,4.174963034044616
464.5872868555433,4.180410702892011
464.48162451503873,4.186953038658428
464.3312457980105,4.194819606971279
464.1172267358016,4.204291719829639
463.8126347364546,4.215715196103406
463.45753561306213,4.227177526336564
462.84058490545567,4.244237643842826
461.9625405823035,4.264789131936797
460.71290783856887,4.289631509160952
460.5871597312555,4.291929838115116
459.1729462846181,4.315938858222102
457.75873281142975,4.337340623240232
456.34451932329927,4.356829214450581
454.930305824597,4.374811464880814
453.516092317992,4.39154847435563
452.10187880521846,4.407218889108864
450.68766528746505,4.421951108365875
449.2734517655845,4.435841245245479
447.85923824021285,4.448963839445121
446.44502471184046,4.461378576414914
445.0308111808566,4.47313466361692
443.6165976475779,4.484273761525311
442.2023841122676,4.494831986816327
440.78817057514834,4.50484130114504
439.3739570364111,4.514330483436074
437.9597434962219,4.523325815138401
