Re,shear
500.0,5.178477749214815
499.6350678473514,5.1771433325783764
498.2208542968441,5.1719466915887775
496.8066407464276,5.166709288862475
495.3924271961028,5.161430620150175
493.9782136458706,5.156110175531931
492.56400009573184,5.150747439396437
491.1497865456874,5.145341890423165
489.73557299573815,5.139893001566932
488.321359445885,5.134400240045368
486.9071458961288,5.128863067328801
485.4929323464704,5.123280939133265
484.0787187969108,5.117653305416704
482.6645052474508,5.111979610378787
481.25029169809136,5.106259292463389
479.83607814883334,5.100491784365257
478.4218645996777,5.09467651304075
477.00765105062527,5.0888128997215265
475.593437501677,5.082900359933584
474.17922395283375,5.076938303519837
472.7650104040965,5.070926134667799
471.350796855466,5.064863251941452
469.9365833069433,5.058749048318871
468.5223697585293,5.0525829112338725
467.1081562102248,5.046364222624223
465.69394266203085,5.040092358985145
464.27972911394824,5.033766691427695
462.8655155659779,5.0273865857449
461.4513020181207,5.020951402482471
460.03708847037757,5.014460497017545
458.6228749227494,5.007913219643041
457.2086613752371,5.001308915659639
455.7944478278415,4.994646925474996
454.3802342805635,4.987926584710273
452.96602073340404,4.981147224314505
451.55180718636393,4.974308170034597
450.13759363944456,4.967408743804667
449.6115230884314,4.964826698982958
448.1973095416779,4.957843334411762
446.78309599504666,4.950797973490284
445.36888244853856,4.943689924375475
443.95466890215437,4.936518491479612
442.540455355895,4.9292829756499845
441.12624180976127,4.921982674358291
439.712028263754,4.914616881899786
438.29781471787396,4.907184889603002
436.88360117212204,4.899685986050228
435.469387626499,4.892119457308405
434.0551740810056,4.884484587171398
432.64096053564265,4.876780657413293
431.2267469904109,4.869006948053078
429.81253344531115,4.861162737631002
428.3983199003441,4.8532473034966195
426.9841063555106,4.845259922108987
425.5698928108113,4.837199869348728
424.15567926624703,4.829066420842031
422.74146572181843,4.82085885229756
421.32725217752625,4.8125764398552535
419.9130386333712,4.8042184604475136
418.49882508935394,4.795784192173105
417.08461154547524,4.7872729146834985
415.67039800173575,4.778683909581663
414.25618445813615,4.770016460832519
412.8419709146771,4.761269855187162
411.42775737135935,4.752443382617857
410.0135438281835,4.743536336765776
408.59933028515024,4.734548015400502
407.1851167422603,4.725477720890851
405.77090319951424,4.716324760687421
404.3566896569128,4.70708844781582
402.94247611445667,4.697768101380559
401.5282625721465,4.688363047079516
400.114049029983,4.678872617727428
398.6998354879669,4.669296153789652
397.28562194609884,4.659633003923398
395.87140840437957,4.649882525528132
394.45719486280984,4.640044085302442
393.0429813213904,4.630117059808262
391.6287677801221,4.620100836040219
390.2145542390056,4.609994812000544
388.8003406980419,4.599798397277562
387.3861271572318,4.589511013627861
385.9719136165762,4.579132095559703
384.55770007607606,4.568661090918029
383.1434865357324,4.558097461468929
381.72927299554624,4.547440683483017
380.3150594555187,4.5366902483155505
378.90084591565085,4.525845662983002
377.486632375944,4.514906449818821
376.07241883639944,4.5038721506991015
374.6582052970185,4.492742322105869
373.24399175780275,4.481516539335341
371.8297782187537,4.470194396117683
370.41556467987294,4.458775505138433
369.00135114116233,4.447259498545999
367.58713760262367,4.435646028442854
366.172924064259,4.4239347673593326
364.75871052607044,4.412125408707574
363.34449698806026,4.40021766721463
361.9302834502309,4.388211279332958
360.5160699125849,4.376106003626766
359.10185637512507,4.363901621132518
357.68764283785436,4.351597935692105
356.27342930077583,4.3391947742577335
354.85921576389285,4.326691987166182
353.44500222720893,4.31408944838217
352.03078869072783,4.301387055709651
350.6165751544536,4.288584730968615
349.2023616183904,4.275682420138654
347.7881480825428,4.262680093466825
346.3739345469156,4.249577745539968
344.95972101151386,4.236375395321149
343.54550747634295,4.223073086150134
342.13129394140856,4.209670885707469
340.7170804067167,4.196168885943026
339.30286687227374,4.1825672029695165
337.8886533380864,4.168865976921859
336.4744398041617,4.1550653717833725
335.0602262705072,4.141165575180638
333.64601273713066,4.127166798149017
332.2317992040404,4.113069274870485
330.817585671245,4.098873262387494
329.4033721387537,4.084579040294569
327.989158606576,4.07018691041248
326.57494507472194,4.055697196447985
325.16073154320196,4.041110243643866
323.7465180120271,4.026426418424251
322.3323044812087,4.01164610804038
320.9180909507588,3.9967697202227503
319.50387742068983,3.9817976828459605
318.0896638910147,3.9667304436129927
316.6754503617469,3.9515684697668982
315.26123683290047,3.936312247837028
313.8470233044899,3.9209622834289566
312.4328097765302,3.9055191010663615
311.01859624903693,3.8899832440952937
309.60438272202623,3.8743552746599974
308.1901691955146,3.8586357737611436
306.7759556695192,3.8428253414078073
305.3617421440576,3.8269245968739813
303.94752861914776,3.8109341790719813
302.5333150948083,3.7948547470550262
301.1191015710581,3.7786869806613157
299.7048880479165,3.7624315813127467
298.2906745254032,3.746089272981733
296.8764610035383,3.729660803338544
295.4622474823421,3.71314694509351
294.04803396183524,3.6965484975468827
292.63382044203854,3.6798662883594537
291.2196069229729,3.6631011755573346
289.80539340465936,3.646254049782341
288.39117988711894,3.629325836800725
286.97696637037257,3.6123175002801307
285.56275285444104,3.5952300448451893
284.14853933934484,3.578064519419422
282.7343258251041,3.560822020860324
281.3201123117385,3.543503697892082
279.9058987992671,3.5261107553376476
278.49168528770815,3.508644458649207
277.0774717770791,3.4911061387332234
275.6632582673964,3.4734971970607043
274.2490447586751,3.4558191110514
272.83483125092914,3.438073439712806
271.4206177441707,3.420261829511753
270.00640423841037,3.402386020447628
268.5921907336567,3.384447852292084
267.17797722991617,3.366449270949855
265.7637637271929,3.3483923348890556
264.34955022548843,3.330279221580131
262.9353367248016,3.3121122338729894
261.52112322512824,3.2938938062334437
260.106909726461,3.275626510749472
258.69269622878926,3.257313062809274
257.2784827320987,3.2389563263426977
255.86426923637143,3.220559318510158
254.45005574158552,3.2021252137142726
253.03584224771515,3.183657346803504
251.6216287547304,3.1651592153326447
250.2074152625972,3.1466344807413225
248.79320177127727,3.1280869683132
247.37898828072815,3.109520665780192
245.9647747909033,3.0909397204438114
244.5505613017522,3.0723484346959267
243.13634781322054,3.053751259835446
241.72213432525038,3.035152788098543
240.30792083778056,3.0165577428408312
238.89370735074695,2.997970966841428
237.4794938640829,2.9793974087278716
236.06528037771977,2.9608421075589506
234.6510668915873,2.9423101756395624
233.23685340561437,2.923806779682856
231.82263991972945,2.9053371204753247
230.40842643386137,2.886906411241247
228.9942129479399,2.8685198549408906
227.57999946189645,2.850182620771745
226.1657859756648,2.8318998201709293
224.75157248918168,2.8136764826407115
223.3373590023875,2.7955175317343475
221.92314551522685,2.7774277615456295
220.5089320276491,2.7594118140443835
219.09471853960898,2.7414741575873185
217.68050505106675,2.7236190669136375
216.26629156198882,2.705850604904448
214.85207807234784,2.6881726063485885
213.43786458212287,2.6705886639128575
212.02365109129954,2.6531021164666857
210.60943759986998,2.6357160398585666
209.19522410783273,2.618433240189151
207.7810106151926,2.6012562495716085
206.3667971219604,2.584187324318932
204.9525836281526,2.567228445450264
203.53837013379106,2.550381321363857
202.1241566389025,2.533647392487014
200.70994314351807,2.5170278376807618
199.295729647673,2.500523582151808
197.88151615140598,2.48413530660449
196.46730265475873,2.467863457353065
195.05308915777545,2.4517082571063717
193.6388756605024,2.435669716135257
192.22466216298747,2.4197476435348237
190.81044866527967,2.403941658298725
189.39623516742876,2.3882511999313163
187.98202166948496,2.372675538332587
186.56780817149857,2.3572137827017885
185.15359467351968,2.3418648892164446
183.73938117559806,2.326627667253247
182.3251676777829,2.311500783926641
180.91095418012276,2.29648276672756
179.49674068266555,2.281572004050063
178.08252718545847,2.2667667433950056
176.66831368854824,2.2520650870392656
175.2541001919811,2.2374649849541726
173.83988669580324,2.2229642247480115
172.42567320006106,2.2085604183948275
171.01145970480152,2.1942509854934436
169.59724621007288,2.180033132777689
168.18303271592524,2.165903829568846
166.76881922241134,2.151859778824408
165.3546057295876,2.1378973833914596
163.94039223751525,2.1240127070166612
162.52617874626168,2.1102014295954845
161.11196525591672,2.096458796101881
160.9512013788575,2.094900687846678
159.53698788959372,2.081228300163759
158.12277440141727,2.0676128018306037
156.7085609144413,2.0540476737922226
155.294347428797,2.0405256671495065
153.88013394463755,2.0270387049155074
152.46592046214244,2.013577770053537
151.05170698152304,2.0001327774362463
149.63749350302908,1.9866924267451669
148.2232800269565,1.9732440325060676
146.80906655365717,1.9597733263505002
145.39485308355057,1.9462642250959636
143.98063961713854,1.9326985561844936
142.56642615502355,1.9190557291727686
141.152212697932,1.9053123379657977
139.73799924674384,1.8914416727809527
138.32378580253143,1.8774131125571625
136.9095723666104,1.8631913563077065
135.49535894060836,1.8487354334920425
134.0811455265585,1.8339974050309547
132.66693212703083,1.8189206214472098
131.25271874531975,1.8034373307331646
129.83850538572025,1.7874653032214036
128.42429205535765,1.7709029188409058
127.47825352987594,1.7594315905095537
126.06404026341225,1.741579463069977
124.64982705351035,1.7226992992657089
123.23561392131158,1.7025095260274532
121.82140090036523,1.6805961763022144
120.40718804876282,1.6562994898366352
119.0476421536291,1.6295983760473718
118.06757768579249,1.6071292116638263
117.3610725057397,1.5881661137179413
116.85176982414286,1.5721099548682291
116.48462582382227,1.5584598648700205
116.22665543917334,1.5471148482640702
116.04539501730392,1.537676201889091
115.91803423391052,1.5298162229092802
115.82854559827591,1.523265203966704
115.76566752307552,1.5178008478073646
115.72148714462497,1.513239651930554
115.69044455294622,1.509429899651784
115.66863312204974,1.506245958665836
115.65330789264958,1.503583640397834
115.6425401412463,1.5013564178898031
115.63497466588643,1.4994923377716178
115.62965924497115,1.497931493466628
115.62592480788261,1.4966239527440095
115.62330123786872,1.4955280537690856
115.62145821165949,1.4946090006842128
115.62016363095894,1.4938377031997976
115.6192544147527,1.4931898153331722
115.61861597688286,1.4926449368192025
115.618167806317,1.4921859472277021
115.61785333552405,1.4917984477053545
115.61763282201582,1.4914702885428435
115.61747834734335,1.491191162094863
115.61737030439696,1.4909522385973324
115.6172949313126,1.4907458128097926
115.61724258198133,1.490564895666242
115.61720650998652,1.4904025280542625
115.61718189531837,1.490248949930883
115.61716522432687,1.4900757857865154
115.6171603383642,1.4899168796290003
115.61716104619796,1.4898507855232102
115.6171797372047,1.4896018619299773
115.61721230270561,1.4894019698937142
115.61731293401476,1.4890350213746386
115.61973829098662,1.486297955432828
115.62674739675107,1.482950142273256
115.70967732716036,1.4684413255025204
116.20012095532371,1.4369915744754882
116.90722487800903,1.4124460690033678
118.32143568499575,1.3803926918464668
119.73564765172773,1.357346064273796
121.14986011158186,1.3388628514841874
122.56407284546488,1.3232765810414373
123.97828575362398,1.309742256733676
125.39249878214741,1.2977601302642108
126.80671189856808,1.2870049918670698
128.22092508180995,1.2772508522488462
129.63513831741528,1.2683329457325183
131.04935159503773,1.2601266537929359
132.4635649070214,1.2525349523810116
133.87777824754556,1.2454805092629044
135.29199161208467,1.2389004819629306
136.7062049970536,1.2327429655585422
138.12041839956638,1.2269644914546225
139.5346318172679,1.22152821962392
140.94884524821313,1.2164026023682932
142.3630586907789,1.211560377118925
143.77727214359805,1.2069777941097097
145.19148560550963,1.2026340150862533
146.60569907552048,1.1985106387897748
148.01991255277537,1.1945913219087303
149.43412603653346,1.1908614729532456
150.8483395261495,1.1873080025531575
152.2625530210587,1.1839191179271087
153.67676652076452,1.1806841523018876
155.0909800248285,1.1775934222578428
156.50519353286205,1.1746381075895038
157.91940704451952,1.1718101494702373
159.33362055949246,1.169102163612174
160.74783407750476,1.1665073657987213
162.1620475983086,1.1640195076937134
163.5762611216808,1.1616328212393554
164.9904746474201,1.1593419702741223
166.40468817534432,1.157142008252979
167.81641539308902,1.1550319839837466
168.80835413629623,1.1535985268292914
169.48739215925812,1.1526397909727983
169.95223198900507,1.1519937873485537
170.29585126577632,1.1515215402370378
170.55615976789127,1.149747044740147
170.7438092461563,1.1463865100158768
170.87908246763988,1.1438733914545545
170.97413121794798,1.1419840520969724
171.0409164063384,1.1405321396299601
171.08784238769644,1.1393978435078744
171.12081444438044,1.1385002775701647
171.14398188514124,1.1377827856588438
171.16026019176124,1.1372045195681215
171.17169790520646,1.1367353321271385
171.1797344165912,1.136352540266049
171.18538110244185,1.136038798467663
171.18934859814163,1.1357806594996585
171.192136225679,1.135567575373057
171.1940948293683,1.135391188525328
171.19547092687134,1.13524481912626
171.19643773155124,1.1351230877855172
171.19711695006453,1.13502163353098
171.19759409823857,1.1349368999327674
171.19792926261218,1.1348659706645887
171.19816466188925,1.1348064413140615
171.19832995984632,1.1347563178702695
171.19844599757138,1.1347139349299906
171.19852742187342,1.1346780219171688
171.19858304162807,1.1346479718216396
171.1986209949572,1.1346228235465308
171.19864684782246,1.134601646333528
171.1986644068467,1.134583659315425
171.19867627502694,1.1345682035989115
171.19868423485167,1.1345545992113841
171.19868948133228,1.1345417921513494
171.1986928382804,1.1345279138511244
171.19869377241218,1.134515473579203
171.19869357396567,1.1345082305866463
171.19869195488113,1.134498295904811
171.19868569836112,1.13447966197701
171.19864693715107,1.1344300013012878
171.19859125115454,1.1343891505233112
171.1979439957549,1.134176979824245
171.1826189159985,1.133016923852242
171.1605220187952,1.132275656255439
169.74630912757434,1.1256156793095426
168.3320957107078,1.1245755893642955
166.91788223299108,1.1245658774805114
165.50366873448945,1.1250720191332968
164.08945522692994,1.125910496964878
162.67524171515836,1.1269947660498554
161.26102820162225,1.1282779962503218
159.84681468774923,1.129732931230555
158.43260117447588,1.1313432340599048
157.0183876624833,1.1330992557442698
155.6041741523146,1.134995773593726
154.18996064443948,1.1370307055502575
152.7757471392924,1.1392043504920786
151.36153363729798,1.1415189331444786
149.947320138889,1.14397833777937
148.5331066445211,1.1465879675809894
147.11889315468576,1.149354694807505
145.70467966992345,1.1522868832093738
144.29046619083766,1.1553944745372942
142.87625271811092,1.158689138474278
141.46203925252425,1.1621844917611344
140.04782579498107,1.1658963989280682
138.63361234653777,1.169843375081766
137.2193989084436,1.174047122067119
135.80518548219374,1.178533245136761
134.3909720696017,1.1833322214636377
132.97675867290016,1.188480730417779
131.56254529488547,1.1940235194750466
130.1483319391305,1.2000160900236143
128.73411861030945,1.2065286868989655
127.31990531471335,1.213652456146684
125.90569206110737,1.2215094100198698
124.491478862238,1.2302695444134952
123.07726573765514,1.2401826120579467
121.66305271931438,1.2516436554710983
120.24883987413227,1.2653503739081535
119.20361833567992,1.27772846735561
118.45014280711074,1.2885962034029057
117.90698014725457,1.2981070256551748
117.51542711478541,1.306421673242443
117.24030574621216,1.313496874018666
117.04699414495029,1.319500088189958
116.91116551503951,1.3245822034519175
116.81572682984584,1.3288768081523534
116.74866781234071,1.3325007109111202
116.7015495384604,1.335555121322637
116.66844246645971,1.3381271362022193
116.64518025181263,1.34029131797464
116.62883544627896,1.3421112416637961
116.61735110208953,1.3436409432133751
116.60928192160546,1.3449262366510948
116.60361237822168,1.3460058886941404
116.59962892049572,1.3469126517891694
116.59683017742069,1.3476741634944476
116.59486386489928,1.3483137236148672
116.59348245360653,1.3488509619092004
116.59251201939863,1.3493024093577688
116.59183035634342,1.3496819854592286
116.59135159807468,1.3500014131615057
116.59101541219535,1.3502705720891939
116.59077940794067,1.3504977998782732
116.59061380168528,1.3506901509110518
116.59049766903094,1.350853621912099
116.59041631191279,1.3509933555559872
116.59035940955111,1.351113838820147
116.59031972073247,1.3512191303060253
116.59029217198196,1.3513132195518005
116.59027314455244,1.3514013413577812
116.59025928790884,1.3515033108148935
116.59025421185515,1.351613328836342
116.59025464832398,1.3516531105062106
116.59025761974999,1.3517041004898074
116.59028083353104,1.3518647806860793
116.59031601281634,1.3519968402840636
116.59041758234713,1.3522366672051302
116.59160097380543,1.3534034063575522
116.5986109668455,1.3560808933517412
116.64007582959506,1.3625711678978374
116.6998605404431,1.3679255844285947
117.05341208929917,1.3855304178631207
118.46762369274738,1.4213473328908592
119.88183641806985,1.4451185543146303
121.29604946017403,1.4644962246219593
122.71026265084814,1.4813791168807735
124.12447592654777,1.4965976357755353
125.53868925666588,1.5106043250972963
126.95290262422463,1.5236784119587365
128.36711601887887,1.536006666717534
129.7813294338833,1.5477213153741687
131.195542864607,1.5589199847285642
132.60975630773785,1.5696771120197175
134.02396976082585,1.5800509033786354
135.4381832220067,1.5900877984840827
136.85239668982695,1.5998254561100116
138.2666101631292,1.6092948206946502
139.68082364097484,1.6185215955125645
141.0950371225904,1.6275273200587368
142.50925060733002,1.6363301760794011
143.92346409464827,1.6449456031355232
145.33767758408075,1.6533867777514937
146.7518910752298,1.6616649931559193
148.16610456775396,1.6697899654916006
149.58031806136026,1.6777700849200752
150.99453155579826,1.6856126249378969
152.40874505085574,1.6933239196393022
153.82295854635515,1.7009095160920173
155.2371720421508,1.7083743071129716
156.65138553812656,1.7157226483277774
158.06559903419355,1.7229584623349148
159.47981253028817,1.73008533198275
160.89402602637,1.7371065841452573
162.30823952241968,1.7440253649121211
163.7224530184367,1.7508447067639015
165.13666651443714,1.7575675880623853
166.55088001045124,1.7641969850358457
167.96509350652107,1.7707359163634022
169.37930700269814,1.7771874804471712
170.79352049904097,1.783554885493258
172.20773399561293,1.7898414725861438
173.62194749248,1.7960507320239154
175.03616098970895,1.8021863132701812
176.4503744873655,1.8082520289632265
177.86458798551286,1.8142518534938161
179.27880148421036,1.8201899167171463
180.69301498351257,1.8260704933967873
182.10722848346833,1.8318979889901874
183.52144198412034,1.8376769223778902
184.93565548550467,1.8434119061149545
186.34986898765072,1.8491076247486034
187.76408249058116,1.8547688117031256
189.17829599431212,1.8604002251883984
190.59250949885345,1.866006623543656
192.0067230042091,1.871592740387523
193.4209365103777,1.8771632599098198
194.83515001735284,1.8827227926119252
196.2493635251239,1.888275851780071
197.66357703367638,1.8938268309589832
199.0777905429927,1.8993799826808708
200.49200405305263,1.9049393986944774
201.9062175638339,1.9105089919285319
203.32043107531274,1.9160924804128248
204.7346445874644,1.9216933733637904
206.1488581002635,1.9273149596213544
207.56307161368463,1.932960298596706
208.97728512770252,1.938632213856839
210.39149864229242,1.9443332894320593
211.8057121574304,1.950065868887065
213.2199256730935,1.9558320571465302
214.63413918925994,1.961633725014916
216.04835270590908,1.96747251627781
217.46256622302164,1.9733498572236485
218.87677974057962,1.979266968379343
220.29099325856635,1.9852248782155684
221.70520677696632,1.9912244385476097
223.1194202957652,1.9972663413367033
224.53363381494967,2.0033511365868844
225.94784733450734,2.0094792510305246
227.3620608544266,2.015651007304921
228.77627437469644,2.0218666433388273
230.19048789530638,2.0281263316911797
231.6047014162462,2.034430198614115
233.0189149375059,2.0407783426444253
234.43312845907553,2.0471708525637267
235.84734198094498,2.053607823250341
237.26155550309772,2.060089378878304
237.9776478878416,2.063388389647189
239.39186141041625,2.069937417658982
240.8060749332525,2.076531533016794
242.22028845633807,2.083171055246702
243.63450197965992,2.089856390085617
245.04871550320397,2.09658804092448
246.46292902695512,2.1033666194958354
247.87714255089705,2.1101928558846486
249.29135607501206,2.1170676079484307
250.70556959928095,2.1239918702359653
252.11978312368282,2.130966782494708
253.53399664819491,2.137993637854424
254.94821017279241,2.145073890768985
256.36242369744815,2.1522091647893715
257.77663722213236,2.159401260228766
259.1908507468124,2.166652161763686
260.6050642714522,2.173964045993417
262.01927779601203,2.181339288951434
263.43349132044784,2.188780473525129
264.8477048447108,2.1962903966921727
266.26191836874625,2.2038720764170243
267.6761318924933,2.211528757968126
269.0903454158834,2.2192639193053125
270.50455893883935,2.2270812750389966
271.9187724612737,2.234984778268589
273.33298598308704,2.2429786193463697
274.74719950416585,2.2510672202679687
276.16141302437984,2.2592552229278087
277.57562654357884,2.2675474688656645
278.98984006158895,2.275948967313637
280.4040535782078,2.284464847274415
281.81826709319876,2.2931002879422353
283.2324806062836,2.301860419928009
284.6466941171342,2.310750187372034
286.0609076253612,2.319774158037478
287.47512113050135,2.3289362648444767
288.88933463200095,2.338239458132419
290.303548129197,2.347685243635115
291.7177616212942,2.357273077703427
293.13197510733886,2.3669995907450456
294.54618858619085,2.3768576159684316
295.9604020564463,2.3868350197517088
297.1952958659857,2.3956306873179103
298.0629840348091,2.4018480395580815
298.6726581246348,2.4062304964867423
299.1010407044661,2.4093148494530805
299.3942927435554,2.4114280080333934
299.5950403055376,2.412875174120468
299.7324633351934,2.413866040980688
299.82653715059035,2.414544413809506
299.89093598365326,2.415008822187097
299.9350206174397,2.4153267444530306
299.9651990359593,2.4155443833135495
299.98585786571937,2.415693370581235
300.0,2.415795361419861
300.0,2.415795361419861
300.01414213427904,2.4158973522215046
300.034800964031,2.4160463411358393
300.0649793825265,2.4162639848977663
300.1090640162515,2.4165819196369807
300.17346284916886,2.4170463575027177
300.26753666423383,2.417724797094966
300.4049596931502,2.4187158103068285
300.6057072535092,2.420163286212686
300.8989592890686,2.4222770642590024
301.32734186127186,2.4253624997532226
301.93701593518574,2.429746109337483
302.804704071146,2.4359612058317133
304.0395978133438,2.4447335837480657
305.4538111771616,2.454627069666346
306.8680245190514,2.464302794245304
308.28223783916195,2.4737157552014812
309.69645113867034,2.48284220936453
311.11066441913846,2.4916874968504743
312.52487768137985,2.5002924794790546
313.93909092347434,2.5087419498014896
315.35330413680566,2.5171869377108687
316.76751729446573,2.5259261341940933
318.18173028683964,2.535868594994755
318.8888363976582,2.543336084838652
318.9486220328596,2.544674700675957
318.9693554365908,2.545510294863651
318.9729504503273,2.545787851337858
318.9741970484593,2.545945636281628
318.9746404540494,2.5460361031359984
318.9747981067999,2.5460857095449803
318.97491003387097,2.5461485929944967
318.9749295507313,2.546184105443884
318.97493007392376,2.546187190738801
318.97492795097395,2.5461944047063256
318.9749264228088,2.546199597544114
318.974924130561,2.546207386800835
318.97492016536427,2.5462134848073763
318.97491457405005,2.5462220835914917
318.9749059566262,2.546229586224359
318.9748934399441,2.5462404836888175
318.97487455412397,2.5462522515179273
318.97484694557,2.5462669539969385
318.97480656366713,2.546284661539703
318.9747475235766,2.546305829088857
318.9746612300358,2.546331207339054
318.97453512562316,2.5463616925360153
318.97435086605844,2.5463983422376426
318.9740816538828,2.546442416524136
318.9736883432694,2.5464954164798774
318.97311374898413,2.5465588764987985
318.9722959445011,2.5466335599643815
318.9711320034671,2.546721388354506
318.9694754422156,2.5468247979270724
318.9671177846829,2.546946573048481
318.963762327556,2.5470898795973955
318.95898680257153,2.5472582862036868
318.95219023747944,2.54745576488187
318.94251732855327,2.5476866579970654
318.9287508075385,2.547955591971328
318.9091582582889,2.5482673089825703
318.8812741062005,2.5486263749488387
318.84158934557286,2.5490367038719453
318.78510995958953,2.5495008128960723
318.70472846363475,2.5500186863032255
318.5903294857423,2.5505860756543983
318.42751682869016,2.5511919910006124
318.19580182477364,2.5518150346420985
317.8660250023157,2.5524180787470625
317.39668660144054,2.552940565507663
316.7287241641151,2.553287368904006
315.77808000028693,2.553312619489345
314.4251232056813,2.552796001698583
313.01090967525755,2.5518317288329344
311.5966961389359,2.5505809129054224
310.1824825990148,2.549122622890496
308.76826905675074,2.547504114579349
307.3540555128954,2.5457561086705582
305.9398419679241,2.5438997777339027
304.5256284221521,2.5419503487438253
303.11141487579727,2.5399191284616003
301.697201329015,2.5378147193848104
300.2829877819197,2.535643788381029
298.8687742345974,2.5334115731696807
297.4545606871145,2.531122227634107
296.0403471395229,2.528779064014439
294.6261335918641,2.526384726855788
293.21192004417173,2.5239413204573102
291.79770649647327,2.5214505038260144
290.38349294879174,2.5189135624067207
288.9692794011464,2.516331462880112
287.5550658535537,2.513704895391781
286.1408523060277,2.511034306296702
284.7266387585806,2.508319923638535
283.3124252112231,2.5055617769852296
281.89821166396473,2.50275971282376
280.48399811681384,2.499913406416373
279.06978456977794,2.49702237080598
277.6555710228638,2.494085963497336
276.24135747607767,2.491103391224714
274.8271439294252,2.488073713126446
273.4129303829116,2.484995842579991
271.9987168365419,2.4818685478986806
270.58450329032075,2.478690452050465
269.17028974425256,2.475460031526562
267.7560761983416,2.472175614461212
266.3418626525921,2.4688353780813133
264.92764910700834,2.465437345546368
263.51343556159446,2.4619793822209157
262.0992220163549,2.458459191406374
260.68500847129417,2.4548743095430403
259.2707949264172,2.4512221008771156
257.85658138172914,2.4474997515711387
256.4423678372358,2.443704263216991
255.02815429294344,2.439832445691383
253.6139407488592,2.435880909269409
252.199727204991,2.4318460558860178
250.78551366134795,2.4277240694036397
249.37130011794034,2.4235109047080328
247.95708657478005,2.4192022754111298
246.54287303188073,2.414793639888399
245.1286594892581,2.4102801853157527
243.71444594693034,2.4056568092964907
242.3002324049185,2.4009180985760095
240.88601886324693,2.3960583042292005
239.47180532194395,2.391071312562892
238.0575917810424,2.3859506107976287
236.6433782405805,2.3806892463667024
235.22916470060275,2.3752797783764694
233.81495116116116,2.3697142193943486
232.4007376223165,2.3639839652291057
230.98652408414006,2.3580797097032526
229.57231054671567,2.3519913405188504
228.1580970101424,2.3457078110897713
226.7438834745377,2.3392169815097663
225.32966994004173,2.3325054194243036
223.91545640682264,2.32555814813352
222.5012428750838,2.3183583242266756
221.08702934507323,2.3108868195571777
219.67281581709662,2.3031216709358127
218.2586022915352,2.2950373430246134
216.8443887688712,2.2866037210627788
215.430175249725,2.2777847019575876
214.01596173491083,2.2685361689191677
212.60174822552358,2.258802983670495
211.18753472308,2.2485143410391633
209.77332122976063,2.23757624011372
208.35910774885247,2.225858519028947
207.69151726411644,2.2200049685825274
206.27730381318497,2.2067645823519513
204.86309039503692,2.192043390634825
203.44887703796155,2.1751008155646603
202.03466382100396,2.1540839725079675
200.62045135753726,2.11675931940166
200.57625743259266,2.113396699341812
200.54560513624503,2.1095329642231047
200.54029037744067,2.108221654051798
200.53844756631682,2.1074744951766173
200.53779218674802,2.1070520483550452
200.53732687648267,2.106370855347679
200.53732213790997,2.1063349551025308
200.5373197881991,2.10628180486078
200.53732028344115,2.1062678195676754
200.53732149200474,2.1062440790653776
200.53732373217255,2.106215921993991
200.53732745704448,2.106186086357056
200.53733313032143,2.1061538608682278
200.53734158945235,2.1061172668819914
200.537354099389,2.1060747045556925
200.53737251353397,2.1060246207003073
200.53739954249394,2.105965217927647
200.5374391491633,2.10589436889058
200.53749712478515,2.1058095451175483
200.53758193065065,2.1057077245399047
200.53770592797818,2.1055852826277173
200.53788717707494,2.105438448014837
200.53814523351627,2.105265107775222
200.53851260164396,2.1050603688652796
200.53903553891718,2.1048179228964714
200.53977988037767,2.1045303442967804
200.5408393230332,2.1041888725324265
200.54234721686146,2.103783163526942
200.54449334582733,2.1033010052813492
200.54754781066583,2.1027279933209653
200.5518950188849,2.1020471628963495
200.5563393428503,2.101452144651098
200.56514480937318,2.100455701256725
200.5776768657788,2.099287360728096
200.5955125896631,2.0979141208805183
200.62089649094773,2.09629839630482
200.65702295691935,2.094397466961448
200.70843824010083,2.0921631253086574
200.78161256747026,2.0895416092754653
200.88575436635483,2.0864739989238954
201.03396907075913,2.0828973495326117
201.24490833455644,2.07874695867848
201.54511719172154,2.073960325400951
201.97237453478854,2.068483548932301
202.58044728380557,2.0622810979519297
203.44585651960512,2.055349962310751
204.67750704469188,2.0477389682226157
206.09172038726126,2.04097256869498
207.50593377480985,2.0355618446334005
208.92014719154793,2.031093704915654
210.33436062901484,2.0273243358219633
211.74857408195658,2.0240956262024543
213.16278754690595,2.0212982190049296
214.57700102145841,2.0188528443658544
215.99121450387827,2.0166999554770335
217.40542799287115,2.014793552101538
218.81964148744555,2.013097290547825
220.23385498682453,2.0115819223790377
221.64806849038757,2.0102235452396817
223.06228199763086,2.0090023711835068
224.47649550813944,2.0079018365469032
225.8907090215672,2.0069079440974074
227.30492253762228,2.0060087672922498
228.71913605605607,2.00519407026687
230.13334957665498,2.0044550121067455
231.547563099234,2.0037839135978217
232.96177662363175,2.003174071030987
234.37599014970652,2.0026196059526047
235.79020367733315,2.002115342731409
237.20441720640045,2.001656707904076
238.61863073680917,2.0012396467555305
240.03284426847026,2.000860553672008
241.44705780130357,2.000516213599859
242.8612713352366,2.0002037525339227
244.27548487020357,1.9999205954037778
245.68969840614452,1.9996644300644664
247.10391194300468,1.9994331763573032
248.51812548073386,1.9992249594078357
249.93233901928593,1.9990380864849817
251.34655255861838,1.9988710268690315
252.76076609869196,1.9987223942750139
254.17497963947028,1.9985909314557404
255.5891931809196,1.9984754966727252
257.00340672300854,1.998375051774072
258.41762026570785,1.9982886516601892
259.83183380899027,1.99821543495247
261.2460473528302,1.9981546157081185
262.6602608972037,1.9981054760477983
264.07447444208844,1.998067359581899
265.4886879874632,1.998039665537807
266.9029015333082,1.9980218435037274
268.3171150796047,1.998013388716608
269.7313286263351,1.9980138378308678
271.1455421734827,1.9980227651133506
272.55975572103165,1.998039779016549
273.9739692689671,1.9980645190886785
275.38818281727487,1.9980966531836903
276.80239636594155,1.998135874939313
278.21660991495435,1.9981819014948181
279.6308234643011,1.998234471423458
281.0450370139703,1.998293342857672
282.45925056395083,1.9983582917873024
283.8734641142323,1.998429108111863
285.2876776648047,1.998505603992601
286.7018912156584,1.9985875977019205
288.11610476678436,1.998674922534694
289.5303183181738,1.9987674231886878
290.94453186981826,1.9988649547938901
292.3587454217099,1.9989673820298557
293.77295897384096,1.9990745783195103
295.18717252620405,1.9991864250925535
296.6013860787922,1.999302811112412
298.01559963159855,1.9994236318607184
299.42981318461665,1.999548788974243
300.8440267378403,1.9996781897296598
302.2582402912634,1.9998117465717207
303.6724538448802,1.9999493766813194
305.0866673986851,2.000091001579637
306.50088095267284,2.0002365467655134
307.9150945068382,2.0003859413830156
309.3293080611762,2.0005391179167367
310.7435216156821,2.0006960119123907
312.15773517035115,2.000856561720598
313.571948725179,2.001020708261967
314.98616228016135,2.001188394811579
316.40037583529397,2.0013595668014554
317.8145893905729,2.0015341716392845
319.22880294599423,2.0017121585422917
320.64301650155426,2.001893478384946
322.0572300572493,2.0020780835592986
323.47144361307585,2.0022659278470316
324.88565716903054,2.002456966302317
326.2998707251101,2.002651155144391
327.71408428131133,2.002848451659446
329.1282978376312,2.003048814110671
330.5425113940666,2.0032522016561725
331.9567249506148,2.0034585742739024
333.37093850727285,2.0036678926931732
334.78515206403813,2.0038801183321415
336.199365620908,2.0040952132409786
337.6135791778799,2.0043131400499954
339.02779273495133,2.004533861922673
340.4420062921199,2.004757342512877
341.8562198493833,2.0049835459262395
343.27043340673924,2.0052124366851407
344.68464696418556,2.005443979697179
346.0988605217201,2.005678140226789
346.36400769350416,2.005722330929135
347.7782212511404,2.005959555183294
349.19243480886075,2.0061993218866796
350.6066483666629,2.006441597585807
352.020861924545,2.006686348698329
353.43507548250517,2.006933541986864
354.84928904054163,2.007183144451801
356.2635025986527,2.0074351233193255
357.6777161568366,2.007689446031068
359.0919297150917,2.007946080235305
360.5061432734164,2.008204993779519
361.92035683180916,2.0084661547041405
363.3345703902685,2.0087295312375746
364.7487839487929,2.0089950917921273
366.1629975073809,2.009262804961033
367.57721106603117,2.009532639516344
368.99142462474225,2.009804564407498
370.40563818351285,2.0100785487608297
371.8198517423417,2.0103545618796144
373.23406530122753,2.0106325732447647
374.6482788601691,2.01091255251609
376.06249241916527,2.011194469534065
377.4767059782148,2.0114782943220075
378.89091953731656,2.0117639970887655
380.30513309646943,2.0120515482316437
381.7193466556724,2.012340918339751
383.13356021492433,2.01263207819765
384.54777377422425,2.012924998789147
385.96198733357113,2.0132196513014877
387.37620089296394,2.013516007129567
388.79041445240176,2.0138140378804605
390.2046280118837,2.0141137153780253
391.61884157140884,2.0144150116676247
393.0330551309762,2.014717899020959
394.447268690585,2.0150223499410336
395.8614822502344,2.0153283371670936
397.27569580992355,2.0156358336796973
398.68990936965156,2.015944812705719
400.1041229294177,2.016255247723471
401.51833648922127,2.0165671124677513
402.9325500490614,2.016880380934894
404.34676360893735,2.0171950273878183
405.7609771688485,2.0175110263610065
407.1751907287941,2.0178283526654983
408.58940428877344,2.018146981393719
410.00361784878584,2.018466887924349
411.41783140883064,2.0187880479270643
412.8320449689072,2.0191104373672353
414.24625852901494,2.019434032510458
415.6604720891532,2.0197588099271027
417.07468564932134,2.0200847464966722
418.4888992095188,2.020411819412055
419.90311276974506,2.0207400061837415
421.3173263299995,2.0210692846438674
422.73153989028157,2.021399632950101
424.14575345059075,2.0217310295894926
425.55996701092647,2.022063453382107
426.97418057128823,2.022396883484597
428.3883941316755,2.0227312993935556
429.8026076920878,2.0230666809488116
431.21682125252465,2.023403008336544
432.63103481298555,2.023740262092193
434.04524837347003,2.024078423103341
435.45946193397765,2.0244174726123427
436.87367549450795,2.0247573922188415
438.28788905506053,2.0250981638821095
439.7021026156349,2.0254397699232523
441.1163161762306,2.025782193027227
442.5305297368473,2.0261254162447258
443.9447432974846,2.0264694229938764
445.35895685814205,2.0268141970617615
446.7731704188193,2.027159722605793
448.1873839795159,2.0275059841549528
449.6015975402315,2.0278529666107437
451.0158111009658,2.0282006552481295
452.43002466171833,2.028549035716161
453.8442382224888,2.028898094038513
455.2584517832768,2.0292478166137964
456.6726653440821,2.0295981902157365
458.0868789049042,2.02994920199317
459.50109246574294,2.030300839469787
460.9153060265979,2.0306530905438116
462.3295195874687,2.0310059434874432
463.7437331483552,2.031359386946065
465.157946709257,2.0317134099373764
466.57216027017375,2.0320680018503077
467.98637383110525,2.032423152443668
469.40058739205114,2.032778851844742
470.8148009530112,2.033135090547639
472.229014513985,2.033491859411397
473.64322807497246,2.0338491496580895
475.0574416359732,2.034206952870497
476.47165519698694,2.034565260989815
477.8858687580135,2.0349240663130597
479.30008231905254,2.0352833614902996
480.71429588010386,2.035643139521765
482.12850944116724,2.0360033937547044
483.5427230022424,2.036364117880108
484.95693656332907,2.0367253059292083
486.37115012442706,2.0370869522698243
487.7853636855361,2.037449051602525
489.19957724665596,2.037811598956619
490.6137908077865,2.038174589685915
492.0280043689274,2.0385380194644096
493.44221793007847,2.038901884281662
494.85643149123956,2.039266180438088
496.2706450524104,2.039630904540089
497.6848586135908,2.0399960534949093
499.09907217478053,2.040361624505421
500.0,2.0405947312217863
