Model m=59, (J,K,L)=(1,3,5)
Active Triads (80%): 2183
Adaptive Core Size: 55
Unstable Dim: 1
Leading Eigenvector PR: 0.4444

Core Nodes (ijkl):
  1: [1, 0, 0, 1]
  2: [1, 0, 0, 3]
  3: [1, 0, 0, 5]
  4: [1, 0, 1, 0]
  5: [1, 0, 1, 2]
  6: [1, 0, 1, 4]
  7: [2, 0, 1, 1]
  8: [2, 0, 1, 3]
  9: [2, 0, 1, 5]
  10: [1, 0, -2, 1]
  11: [1, 0, -2, 3]
  12: [1, 0, -2, 5]
  13: [2, 0, -2, 2]
  14: [2, 0, -2, 4]
  15: [1, 0, 3, 0]
  16: [1, 0, 3, 2]
  17: [1, 0, 3, 4]
  18: [2, 0, 3, 1]
  19: [2, 0, 3, 3]
  20: [2, 0, 3, 5]
  21: [3, -1, 0, 1]
  22: [3, -1, 0, 3]
  23: [3, -1, 0, 5]
  24: [5, -1, -1, 0]
  25: [5, -1, -1, 2]
  26: [5, -1, -1, 4]
  27: [6, -1, -1, 2]
  28: [6, -1, -1, 4]
  29: [5, -1, 2, 1]
  30: [5, -1, 2, 3]
  32: [6, -1, 2, 1]
  33: [6, -1, 2, 3]
  34: [6, -1, 2, 5]
  35: [5, -1, -3, 0]
  37: [5, -1, -3, 4]
  38: [6, -1, -3, 2]
  39: [6, -1, -3, 4]
  40: [3, 1, 0, 0]
  41: [3, 1, 0, 2]
  42: [3, 1, 0, 4]
  43: [5, 1, -1, 1]
  44: [5, 1, -1, 3]
  45: [5, 1, -1, 5]
  46: [6, 1, -1, 1]
  47: [6, 1, -1, 3]
  48: [6, 1, -1, 5]
  49: [5, 1, 2, 0]
  50: [5, 1, 2, 2]
  51: [5, 1, 2, 4]
  52: [6, 1, 2, 2]
  53: [6, 1, 2, 4]
  55: [5, 1, -3, 3]
  57: [6, 1, -3, 1]
  58: [6, 1, -3, 3]
  59: [6, 1, -3, 5]

Leading Eigenvalues:
  1) 0.061860 + 0.000000i
  2) -0.049998 + -0.122121i
  3) -0.049998 + 0.122121i
  4) -0.055457 + 0.000000i
  5) -0.085303 + -0.183436i
  6) -0.085303 + 0.183436i
  7) -0.092978 + -0.018062i
  8) -0.092978 + 0.018062i
  9) -0.108454 + -0.537872i
  10) -0.108454 + 0.537872i
